time	IRF	sim
0.0	0.0	0
0.02443045564	0.0	0
0.0488609112799	0.0	0
0.0732913669199	0.0	0
0.0977218225598	0.0	0
0.1221522782	0.0	0
0.14658273384	0.0	0
0.17101318948	0.0	0
0.19544364512	0.0	0
0.21987410076	0.0	0
0.2443045564	0.0	0
0.26873501204	0.0	0
0.29316546768	0.0	0
0.317595923319	0.0	0
0.342026378959	0.0	0
0.366456834599	0.0	0
0.390887290239	0.0	0
0.415317745879	0.0	0
0.439748201519	0.0	0
0.464178657159	0.0	0
0.488609112799	0.0	0
0.513039568439	0.0	0
0.537470024079	0.0	0
0.561900479719	0.0	0
0.586330935359	0.0	0
0.610761390999	0.0	0
0.635191846639	0.0	0
0.659622302279	0.0	0
0.684052757919	0.0	0
0.708483213559	0.0	0
0.732913669199	0.0	0
0.757344124839	0.0	0
0.781774580479	0.0	0
0.806205036119	0.0	0
0.830635491759	0.0	0
0.855065947399	0.0	0
0.879496403039	0.0	0
0.903926858678	0.0	0
0.928357314318	0.0	0
0.952787769958	0.0	0
0.977218225598	0.0	0
1.00164868124	0.0	0
1.02607913688	0.0	0
1.05050959252	0.0	0
1.07494004816	0.0	0
1.0993705038	0.0	0
1.12380095944	0.0	0
1.14823141508	0.0	0
1.17266187072	0.0	0
1.19709232636	0.0	0
1.221522782	0.0	0
1.24595323764	0.0	0
1.27038369328	0.0	0
1.29481414892	0.0	0
1.31924460456	0.0	0
1.3436750602	0.0	0
1.36810551584	0.0	0
1.39253597148	0.0	0
1.41696642712	0.0	0
1.44139688276	0.0	0
1.4658273384	0.0	0
1.49025779404	0.0	0
1.51468824968	0.0	0
1.53911870532	0.0	0
1.56354916096	0.0	0
1.5879796166	0.0	0
1.61241007224	0.0	0
1.63684052788	0.0	0
1.66127098352	0.0	0
1.68570143916	0.0	0
1.7101318948	0.0	0
1.73456235044	0.0	0
1.75899280608	0.0	0
1.78342326172	0.0	0
1.80785371736	0.0	0
1.832284173	0.0	0
1.85671462864	0.0	0
1.88114508428	0.0	0
1.90557553992	0.0	0
1.93000599556	0.0	0
1.9544364512	0.0	0
1.97886690684	0.0	0
2.00329736248	0.0	0
2.02772781812	0.0	0
2.05215827376	0.0	0
2.0765887294	0.0	0
2.10101918504	0.0	0
2.12544964068	0.0	0
2.14988009632	0.0	0
2.17431055196	0.0	0
2.1987410076	0.0	0
2.22317146324	0.0	0
2.24760191888	0.0	0
2.27203237452	0.0	0
2.29646283016	0.0	0
2.3208932858	0.0	0
2.34532374144	0.0	0
2.36975419708	0.0	0
2.39418465272	0.0	0
2.41861510836	0.0	0
2.443045564	0.0	0
2.46747601964	0.0	0
2.49190647528	0.0	0
2.51633693092	0.0	0
2.54076738656	0.0	0
2.5651978422	0.0	0
2.58962829784	0.0	0
2.61405875348	0.0	0
2.63848920912	0.0	0
2.66291966476	0.0	0
2.6873501204	0.0	0
2.71178057604	0.0	0
2.73621103168	0.0	0
2.76064148732	0.0	0
2.78507194296	0.0	0
2.8095023986	0.0	0
2.83393285424	0.0	0
2.85836330988	0.0	0
2.88279376552	0.0	0
2.90722422116	0.0	0
2.9316546768	0.0	0
2.95608513243	0.0	0
2.98051558807	0.0	0
3.00494604371	0.0	0
3.02937649935	0.0	0
3.05380695499	0.0	0
3.07823741063	0.0	0
3.10266786627	0.0	0
3.12709832191	0.0	0
3.15152877755	0.0	0
3.17595923319	0.0	0
3.20038968883	0.0	0
3.22482014447	0.0	0
3.24925060011	0.0	0
3.27368105575	0.0	0
3.29811151139	0.0	0
3.32254196703	0.0	0
3.34697242267	0.0	0
3.37140287831	0.0	0
3.39583333395	0.0	0
3.42026378959	0.0	0
3.44469424523	0.0	0
3.46912470087	0.0	0
3.49355515651	0.0	0
3.51798561215	0.0	0
3.54241606779	0.0	0
3.56684652343	0.0	0
3.59127697907	0.0	0
3.61570743471	0.0	0
3.64013789035	0.0	0
3.66456834599	0.0	0
3.68899880163	0.0	0
3.71342925727	0.0	0
3.73785971291	0.0	0
3.76229016855	0.0	0
3.78672062419	0.0	0
3.81115107983	0.0	0
3.83558153547	0.0	0
3.86001199111	0.0	0
3.88444244675	0.0	0
3.90887290239	0.0	0
3.93330335803	0.0	0
3.95773381367	0.0	0
3.98216426931	0.0	0
4.00659472495	0.0	0
4.03102518059	0.0	0
4.05545563623	0.0	0
4.07988609187	0.0	0
4.10431654751	0.0	0
4.12874700315	0.0	0
4.15317745879	0.0	0
4.17760791443	0.0	0
4.20203837007	0.0	0
4.22646882571	0.0	0
4.25089928135	0.0	0
4.27532973699	0.0	0
4.29976019263	0.0	0
4.32419064827	0.0	0
4.34862110391	0.0	0
4.37305155955	0.0	0
4.39748201519	0.0	0
4.42191247083	0.0	0
4.44634292647	0.0	0
4.47077338211	0.0	0
4.49520383775	0.0	0
4.51963429339	0.0	0
4.54406474903	0.0	0
4.56849520467	0.0	0
4.59292566031	0.0	0
4.61735611595	0.0	0
4.64178657159	0.0	0
4.66621702723	0.0	0
4.69064748287	0.0	0
4.71507793851	0.0	0
4.73950839415	0.0	0
4.76393884979	0.0	0
4.78836930543	0.0	0
4.81279976107	0.0	0
4.83723021671	0.0	0
4.86166067235	0.0	0
4.88609112799	0.0	0
4.91052158363	0.0	0
4.93495203927	0.0	0
4.95938249491	0.0	0
4.98381295055	0.0	0
5.00824340619	0.0	0
5.03267386183	0.0	0
5.05710431747	0.0	0
5.08153477311	0.0	0
5.10596522875	0.0	0
5.13039568439	0.0	0
5.15482614003	0.0	0
5.17925659567	1.0	0
5.20368705131	0.0	1
5.22811750695	0.0	0
5.25254796259	1.0	0
5.27697841823	0.0	0
5.30140887387	0.0	0
5.32583932951	0.0	0
5.35026978515	0.0	0
5.37470024079	0.0	0
5.39913069643	0.0	0
5.42356115207	0.0	0
5.44799160771	0.0	0
5.47242206335	0.0	0
5.49685251899	0.0	0
5.52128297463	0.0	0
5.54571343027	0.0	0
5.57014388591	0.0	0
5.59457434155	0.0	0
5.61900479719	0.0	0
5.64343525283	0.0	0
5.66786570847	0.0	1
5.69229616411	0.0	1
5.71672661975	0.0	0
5.74115707539	0.0	0
5.76558753103	0.0	0
5.79001798667	0.0	0
5.81444844231	0.0	0
5.83887889795	0.0	0
5.86330935359	0.0	0
5.88773980923	0.0	0
5.91217026487	0.0	0
5.93660072051	0.0	0
5.96103117615	1.0	0
5.98546163179	0.0	0
6.00989208743	0.0	1
6.03432254307	1.0	0
6.05875299871	0.0	1
6.08318345435	0.0	0
6.10761390999	0.0	0
6.13204436563	0.0	0
6.15647482127	1.0	0
6.18090527691	0.0	0
6.20533573255	0.0	2
6.22976618819	1.0	0
6.25419664383	0.0	1
6.27862709947	0.0	0
6.30305755511	0.0	0
6.32748801075	0.0	0
6.35191846639	0.0	0
6.37634892203	0.0	0
6.40077937767	0.0	0
6.42520983331	0.0	0
6.44964028895	0.0	0
6.47407074459	0.0	0
6.49850120023	1.0	0
6.52293165587	0.0	0
6.54736211151	0.0	0
6.57179256715	0.0	0
6.59622302279	0.0	1
6.62065347843	0.0	0
6.64508393407	0.0	0
6.66951438971	0.0	0
6.69394484535	0.0	0
6.71837530099	0.0	0
6.74280575663	0.0	0
6.76723621227	1.0	1
6.79166666791	0.0	0
6.81609712355	0.0	1
6.84052757919	0.0	0
6.86495803483	0.0	0
6.88938849047	1.0	1
6.91381894611	2.0	1
6.93824940175	0.0	0
6.96267985739	2.0	0
6.98711031303	1.0	0
7.01154076867	0.0	0
7.03597122431	0.0	0
7.06040167995	0.0	0
7.08483213559	0.0	0
7.10926259123	0.0	1
7.13369304687	0.0	1
7.15812350251	0.0	0
7.18255395815	0.0	2
7.20698441379	0.0	0
7.23141486943	0.0	1
7.25584532507	0.0	0
7.28027578071	0.0	1
7.30470623635	1.0	1
7.32913669199	0.0	1
7.35356714763	0.0	1
7.37799760327	0.0	1
7.40242805891	0.0	0
7.42685851455	0.0	0
7.45128897019	0.0	2
7.47571942583	0.0	0
7.50014988147	0.0	1
7.52458033711	0.0	1
7.54901079275	0.0	0
7.57344124839	0.0	0
7.59787170403	0.0	0
7.62230215967	0.0	0
7.64673261531	0.0	3
7.67116307095	1.0	0
7.69559352659	0.0	1
7.72002398223	0.0	0
7.74445443787	0.0	1
7.76888489351	0.0	1
7.79331534915	0.0	0
7.81774580479	0.0	1
7.84217626043	0.0	0
7.86660671607	0.0	0
7.89103717171	0.0	1
7.91546762735	1.0	1
7.93989808299	0.0	1
7.96432853863	0.0	0
7.98875899427	1.0	1
8.01318944991	0.0	0
8.03761990555	0.0	1
8.06205036119	1.0	0
8.08648081683	0.0	1
8.11091127247	2.0	0
8.13534172811	1.0	0
8.15977218375	0.0	1
8.18420263939	0.0	0
8.20863309503	0.0	4
8.23306355067	0.0	1
8.25749400631	0.0	1
8.28192446195	0.0	1
8.30635491759	0.0	1
8.33078537323	2.0	2
8.35521582887	0.0	0
8.37964628451	0.0	0
8.40407674015	0.0	0
8.42850719579	0.0	2
8.45293765143	0.0	2
8.47736810707	1.0	0
8.50179856271	0.0	0
8.52622901835	0.0	0
8.55065947399	0.0	0
8.57508992963	0.0	1
8.59952038527	0.0	1
8.62395084091	0.0	0
8.64838129655	0.0	0
8.67281175219	0.0	1
8.69724220783	0.0	0
8.72167266347	0.0	2
8.74610311911	0.0	2
8.77053357475	2.0	0
8.79496403039	0.0	3
8.81939448602	0.0	2
8.84382494166	0.0	0
8.8682553973	0.0	0
8.89268585294	0.0	0
8.91711630858	1.0	0
8.94154676422	0.0	0
8.96597721986	0.0	0
8.9904076755	0.0	1
9.01483813114	0.0	3
9.03926858678	0.0	0
9.06369904242	1.0	0
9.08812949806	0.0	3
9.1125599537	0.0	1
9.13699040934	0.0	1
9.16142086498	1.0	1
9.18585132062	1.0	0
9.21028177626	0.0	1
9.2347122319	0.0	2
9.25914268754	0.0	0
9.28357314318	1.0	1
9.30800359882	0.0	0
9.33243405446	0.0	2
9.3568645101	0.0	1
9.38129496574	0.0	1
9.40572542138	0.0	1
9.43015587702	0.0	1
9.45458633266	1.0	1
9.4790167883	1.0	2
9.50344724394	0.0	3
9.52787769958	0.0	0
9.55230815522	0.0	2
9.57673861086	0.0	2
9.6011690665	0.0	0
9.62559952214	0.0	1
9.65002997778	0.0	1
9.67446043342	0.0	0
9.69889088906	0.0	2
9.7233213447	0.0	4
9.74775180034	1.0	1
9.77218225598	0.0	0
9.79661271162	0.0	0
9.82104316726	0.0	0
9.8454736229	0.0	0
9.86990407854	0.0	1
9.89433453418	1.0	3
9.91876498982	0.0	2
9.94319544546	0.0	1
9.9676259011	0.0	1
9.99205635674	0.0	1
10.0164868124	2.0	1
10.040917268	0.0	0
10.0653477237	0.0	0
10.0897781793	0.0	4
10.1142086349	1.0	0
10.1386390906	0.0	2
10.1630695462	1.0	1
10.1875000019	0.0	3
10.2119304575	0.0	1
10.2363609131	0.0	1
10.2607913688	0.0	1
10.2852218244	0.0	2
10.3096522801	0.0	2
10.3340827357	1.0	0
10.3585131913	1.0	2
10.382943647	2.0	1
10.4073741026	2.0	3
10.4318045583	1.0	1
10.4562350139	2.0	1
10.4806654695	2.0	2
10.5050959252	5.0	2
10.5295263808	3.0	1
10.5539568365	6.0	6
10.5783872921	11.0	1
10.6028177477	17.0	7
10.6272482034	25.0	5
10.651678659	23.0	4
10.6761091147	34.0	7
10.7005395703	42.0	12
10.7249700259	69.0	10
10.7494004816	114.0	14
10.7738309372	215.0	22
10.7982613929	369.0	41.0
10.8226918485	541.0	49.0
10.8471223041	816.0	82.0
10.8715527598	1201.0	150.0
10.8959832154	1627.0	205.0
10.9204136711	2175.0	314.0
10.9448441267	2662.0	429.0
10.9692745823	3344.0	554.0
10.993705038	3966.0	732.0
11.0181354936	4436.0	883.0
11.0425659493	4923.0	1168.0
11.0669964049	5507.0	1290.0
11.0914268605	5891.0	1618.0
11.1158573162	6285.0	1830.0
11.1402877718	6483.0	2070.0
11.1647182275	6580.0	2419.0
11.1891486831	6866.0	2706.0
11.2135791387	7038.0	2978.0
11.2380095944	7050.0	3206.0
11.26244005	6976.0	3491.0
11.2868705057	6830.0	3795.0
11.3113009613	6760.0	4142.0
11.3357314169	6698.0	4181.0
11.3601618726	6397.0	4465.0
11.3845923282	6163.0	4829.0
11.4090227839	6007.0	4882.0
11.4334532395	5847.0	5167.0
11.4578836951	5336.0	5283.0
11.4823141508	5155.0	5695.0
11.5067446064	4753.0	5802.0
11.5311750621	4746.0	5930.0
11.5556055177	4182.0	6036.0
11.5800359733	4038.0	6288.0
11.604466429	3611.0	6441.0
11.6288968846	3469.0	6453.0
11.6533273403	3127.0	6511.0
11.6777577959	2862.0	6605.0
11.7021882515	2509.0	6758.0
11.7266187072	2345.0	6970.0
11.7510491628	2138.0	6868.0
11.7754796185	1879.0	6781.0
11.7999100741	1761.0	6977.0
11.8243405297	1592.0	6973.0
11.8487709854	1430.0	7125.0
11.873201441	1303.0	6896.0
11.8976318967	1197.0	7041.0
11.9220623523	1044.0	7132.0
11.9464928079	955.0	7019.0
11.9709232636	897.0	7142.0
11.9953537192	855.0	6986.0
12.0197841749	773.0	7037.0
12.0442146305	692.0	7144.0
12.0686450861	664.0	6893.0
12.0930755418	631.0	6895.0
12.1175059974	575.0	7041.0
12.1419364531	550.0	6912.0
12.1663669087	472.0	6984.0
12.1907973643	461.0	7063.0
12.21522782	399.0	7166.0
12.2396582756	429.0	7105.0
12.2640887313	395.0	7001.0
12.2885191869	405.0	6969.0
12.3129496425	367.0	6871.0
12.3373800982	342.0	7130.0
12.3618105538	311.0	6968.0
12.3862410095	295.0	6860.0
12.4106714651	284.0	6872.0
12.4351019207	243.0	6797.0
12.4595323764	266.0	6847.0
12.483962832	243.0	6828.0
12.5083932877	199.0	6823.0
12.5328237433	195.0	6730.0
12.5572541989	196.0	6529.0
12.5816846546	159.0	6545.0
12.6061151102	176.0	6669.0
12.6305455659	140.0	6528.0
12.6549760215	129.0	6563.0
12.6794064771	163.0	6524.0
12.7038369328	143.0	6550.0
12.7282673884	138.0	6492.0
12.7526978441	119.0	6530.0
12.7771282997	114.0	6409.0
12.8015587553	108.0	6539.0
12.825989211	89.0	6283.0
12.8504196666	96.0	6229.0
12.8748501223	95.0	6200.0
12.8992805779	89.0	6234.0
12.9237110335	106.0	6103.0
12.9481414892	82.0	6192.0
12.9725719448	82.0	6165.0
12.9970024005	81.0	6097.0
13.0214328561	74.0	6059.0
13.0458633117	86.0	6095.0
13.0702937674	78.0	6033.0
13.094724223	71.0	5983.0
13.1191546787	72.0	6182.0
13.1435851343	81.0	5927.0
13.1680155899	94.0	6089.0
13.1924460456	106.0	6028.0
13.2168765012	107.0	5968.0
13.2413069569	95.0	5926.0
13.2657374125	100.0	5844.0
13.2901678681	103.0	5803.0
13.3145983238	98.0	5734.0
13.3390287794	87.0	5752.0
13.3634592351	107.0	5655.0
13.3878896907	100.0	5693.0
13.4123201463	113.0	5744.0
13.436750602	116.0	5786.0
13.4611810576	103.0	5597.0
13.4856115133	117.0	5654.0
13.5100419689	109.0	5686.0
13.5344724245	107.0	5661.0
13.5589028802	112.0	5424.0
13.5833333358	111.0	5494.0
13.6077637915	104.0	5566.0
13.6321942471	97.0	5517.0
13.6566247027	103.0	5413.0
13.6810551584	99.0	5501.0
13.705485614	93.0	5418.0
13.7299160697	97.0	5462.0
13.7543465253	99.0	5473.0
13.7787769809	90.0	5471.0
13.8032074366	71.0	5355.0
13.8276378922	95.0	5350.0
13.8520683479	79.0	5322.0
13.8764988035	74.0	5248.0
13.9009292591	74.0	5321.0
13.9253597148	69.0	5137.0
13.9497901704	67.0	5313.0
13.9742206261	76.0	5272.0
13.9986510817	61.0	5143.0
14.0230815373	58.0	5172.0
14.047511993	60.0	5109.0
14.0719424486	44.0	5054.0
14.0963729043	51.0	4967.0
14.1208033599	43.0	5057.0
14.1452338155	38.0	5023.0
14.1696642712	57.0	4963.0
14.1940947268	43.0	5022.0
14.2185251825	41.0	4998.0
14.2429556381	38.0	4929.0
14.2673860937	29.0	4919.0
14.2918165494	25.0	4839.0
14.316247005	25.0	4867.0
14.3406774607	27.0	4948.0
14.3651079163	23.0	4759.0
14.3895383719	19.0	4892.0
14.4139688276	26.0	4759.0
14.4383992832	23.0	4853.0
14.4628297389	26.0	4713.0
14.4872601945	29.0	4662.0
14.5116906501	16.0	4754.0
14.5361211058	21.0	4594.0
14.5605515614	13.0	4686.0
14.5849820171	15.0	4540.0
14.6094124727	22.0	4590.0
14.6338429283	23.0	4523.0
14.658273384	15.0	4625.0
14.6827038396	14.0	4540.0
14.7071342953	15.0	4629.0
14.7315647509	12.0	4522.0
14.7559952065	14.0	4503.0
14.7804256622	15.0	4580.0
14.8048561178	14.0	4428.0
14.8292865735	13.0	4374.0
14.8537170291	10.0	4396.0
14.8781474847	13.0	4385.0
14.9025779404	13.0	4343.0
14.927008396	10.0	4393.0
14.9514388517	10.0	4231.0
14.9758693073	10.0	4223.0
15.0002997629	13.0	4200.0
15.0247302186	16.0	4216.0
15.0491606742	10.0	4332.0
15.0735911299	9.0	4238.0
15.0980215855	10.0	4221.0
15.1224520411	5.0	4124.0
15.1468824968	11.0	4163.0
15.1713129524	10.0	4140.0
15.1957434081	11.0	4082.0
15.2201738637	12.0	4099.0
15.2446043193	10.0	4039.0
15.269034775	8.0	4057.0
15.2934652306	6.0	3965.0
15.3178956863	7.0	4013.0
15.3423261419	8.0	3905.0
15.3667565975	7.0	3978.0
15.3911870532	13.0	3968.0
15.4156175088	8.0	3994.0
15.4400479645	6.0	3806.0
15.4644784201	8.0	3775.0
15.4889088757	6.0	3898.0
15.5133393314	10.0	3882.0
15.537769787	11.0	3838.0
15.5622002427	3.0	3704.0
15.5866306983	8.0	3778.0
15.6110611539	9.0	3626.0
15.6354916096	4.0	3798.0
15.6599220652	4.0	3575.0
15.6843525209	9.0	3802.0
15.7087829765	5.0	3700.0
15.7332134321	5.0	3705.0
15.7576438878	9.0	3671.0
15.7820743434	5.0	3698.0
15.8065047991	6.0	3753.0
15.8309352547	6.0	3556.0
15.8553657103	7.0	3665.0
15.879796166	4.0	3563.0
15.9042266216	10.0	3520.0
15.9286570773	9.0	3435.0
15.9530875329	8.0	3475.0
15.9775179885	5.0	3567.0
16.0019484442	7.0	3451.0
16.0263788998	1.0	3571.0
16.0508093555	7.0	3458.0
16.0752398111	1.0	3483.0
16.0996702667	4.0	3378.0
16.1241007224	4.0	3365.0
16.148531178	5.0	3395.0
16.1729616337	4.0	3372.0
16.1973920893	5.0	3357.0
16.2218225449	5.0	3393.0
16.2462530006	7.0	3433.0
16.2706834562	8.0	3248.0
16.2951139119	3.0	3194.0
16.3195443675	5.0	3309.0
16.3439748231	5.0	3279.0
16.3684052788	5.0	3254.0
16.3928357344	8.0	3226.0
16.4172661901	5.0	3295.0
16.4416966457	4.0	3178.0
16.4661271013	4.0	3153.0
16.490557557	4.0	3104.0
16.5149880126	7.0	3129.0
16.5394184683	7.0	3154.0
16.5638489239	2.0	3102.0
16.5882793795	7.0	2995.0
16.6127098352	3.0	3184.0
16.6371402908	3.0	3057.0
16.6615707465	4.0	3042.0
16.6860012021	1.0	2975.0
16.7104316577	4.0	3012.0
16.7348621134	5.0	2934.0
16.759292569	1.0	2968.0
16.7837230247	3.0	2876.0
16.8081534803	2.0	2948.0
16.8325839359	4.0	2887.0
16.8570143916	5.0	2969.0
16.8814448472	6.0	2950.0
16.9058753029	5.0	2934.0
16.9303057585	6.0	2846.0
16.9547362141	1.0	2759.0
16.9791666698	2.0	2783.0
17.0035971254	2.0	2832.0
17.0280275811	1.0	2898.0
17.0524580367	4.0	2836.0
17.0768884923	5.0	2816.0
17.101318948	5.0	2715.0
17.1257494036	0.0	2762.0
17.1501798593	1.0	2807.0
17.1746103149	6.0	2749.0
17.1990407705	5.0	2836.0
17.2234712262	1.0	2774.0
17.2479016818	1.0	2757.0
17.2723321375	1.0	2666.0
17.2967625931	6.0	2679.0
17.3211930487	2.0	2674.0
17.3456235044	2.0	2694.0
17.37005396	1.0	2646.0
17.3944844157	3.0	2675.0
17.4189148713	0.0	2634.0
17.4433453269	4.0	2654.0
17.4677757826	4.0	2614.0
17.4922062382	2.0	2581.0
17.5166366939	4.0	2541.0
17.5410671495	3.0	2593.0
17.5654976051	2.0	2524.0
17.5899280608	0.0	2516.0
17.6143585164	2.0	2587.0
17.638788972	2.0	2540.0
17.6632194277	0.0	2508.0
17.6876498833	1.0	2400.0
17.712080339	3.0	2465.0
17.7365107946	3.0	2394.0
17.7609412502	0.0	2457.0
17.7853717059	1.0	2341.0
17.8098021615	3.0	2392.0
17.8342326172	0.0	2381.0
17.8586630728	1.0	2418.0
17.8830935284	1.0	2424.0
17.9075239841	4.0	2361.0
17.9319544397	2.0	2299.0
17.9563848954	3.0	2396.0
17.980815351	2.0	2397.0
18.0052458066	3.0	2335.0
18.0296762623	4.0	2261.0
18.0541067179	2.0	2260.0
18.0785371736	3.0	2297.0
18.1029676292	1.0	2305.0
18.1273980848	2.0	2300.0
18.1518285405	1.0	2218.0
18.1762589961	3.0	2273.0
18.2006894518	1.0	2202.0
18.2251199074	4.0	2175.0
18.249550363	2.0	2201.0
18.2739808187	2.0	2122.0
18.2984112743	2.0	2136.0
18.32284173	4.0	2116.0
18.3472721856	3.0	2191.0
18.3717026412	2.0	2173.0
18.3961330969	3.0	2166.0
18.4205635525	2.0	2073.0
18.4449940082	3.0	2091.0
18.4694244638	2.0	2062.0
18.4938549194	1.0	2100.0
18.5182853751	3.0	2018.0
18.5427158307	0.0	2044.0
18.5671462864	0.0	2067.0
18.591576742	2.0	2025.0
18.6160071976	3.0	2119.0
18.6404376533	1.0	2039.0
18.6648681089	3.0	2042.0
18.6892985646	2.0	1952.0
18.7137290202	0.0	2045.0
18.7381594758	1.0	2046.0
18.7625899315	3.0	1951.0
18.7870203871	5.0	1987.0
18.8114508428	2.0	1984.0
18.8358812984	4.0	1945.0
18.860311754	0.0	2024.0
18.8847422097	1.0	1936.0
18.9091726653	1.0	1914.0
18.933603121	1.0	1903.0
18.9580335766	2.0	1954.0
18.9824640322	1.0	1827.0
19.0068944879	2.0	1891.0
19.0313249435	2.0	1921.0
19.0557553992	5.0	1829.0
19.0801858548	2.0	1895.0
19.1046163104	2.0	1856.0
19.1290467661	1.0	1869.0
19.1534772217	1.0	1836.0
19.1779076774	5.0	1811.0
19.202338133	2.0	1839.0
19.2267685886	4.0	1872.0
19.2511990443	2.0	1864.0
19.2756294999	0.0	1818.0
19.3000599556	1.0	1802.0
19.3244904112	0.0	1781.0
19.3489208668	1.0	1718.0
19.3733513225	4.0	1790.0
19.3977817781	0.0	1650.0
19.4222122338	2.0	1727.0
19.4466426894	0.0	1675.0
19.471073145	3.0	1696.0
19.4955036007	3.0	1700.0
19.5199340563	1.0	1727.0
19.544364512	2.0	1684.0
19.5687949676	0.0	1749.0
19.5932254232	1.0	1659.0
19.6176558789	2.0	1655.0
19.6420863345	1.0	1663.0
19.6665167902	1.0	1626.0
19.6909472458	3.0	1708.0
19.7153777014	0.0	1677.0
19.7398081571	2.0	1581.0
19.7642386127	0.0	1630.0
19.7886690684	4.0	1576.0
19.813099524	0.0	1607.0
19.8375299796	2.0	1549.0
19.8619604353	1.0	1623.0
19.8863908909	1.0	1533.0
19.9108213466	0.0	1564.0
19.9352518022	1.0	1615.0
19.9596822578	4.0	1599.0
19.9841127135	1.0	1584.0
20.0085431691	1.0	1511.0
20.0329736248	4.0	1541.0
20.0574040804	0.0	1521.0
20.081834536	0.0	1558.0
20.1062649917	1.0	1496.0
20.1306954473	1.0	1571.0
20.155125903	1.0	1499.0
20.1795563586	0.0	1511.0
20.2039868142	3.0	1529.0
20.2284172699	2.0	1484.0
20.2528477255	0.0	1480.0
20.2772781812	3.0	1490.0
20.3017086368	1.0	1461.0
20.3261390924	2.0	1389.0
20.3505695481	1.0	1447.0
20.3750000037	0.0	1473.0
20.3994304594	1.0	1461.0
20.423860915	0.0	1343.0
20.4482913706	3.0	1351.0
20.4727218263	0.0	1309.0
20.4971522819	0.0	1454.0
20.5215827376	1.0	1429.0
20.5460131932	5.0	1395.0
20.5704436488	1.0	1380.0
20.5948741045	2.0	1387.0
20.6193045601	0.0	1382.0
20.6437350158	3.0	1426.0
20.6681654714	0.0	1325.0
20.692595927	0.0	1333.0
20.7170263827	1.0	1355.0
20.7414568383	2.0	1339.0
20.765887294	1.0	1288.0
20.7903177496	0.0	1367.0
20.8147482052	0.0	1361.0
20.8391786609	2.0	1264.0
20.8636091165	0.0	1229.0
20.8880395722	1.0	1292.0
20.9124700278	1.0	1272.0
20.9369004834	3.0	1263.0
20.9613309391	1.0	1312.0
20.9857613947	1.0	1239.0
21.0101918504	1.0	1261.0
21.034622306	1.0	1292.0
21.0590527616	0.0	1302.0
21.0834832173	1.0	1279.0
21.1079136729	1.0	1190.0
21.1323441286	0.0	1176.0
21.1567745842	3.0	1308.0
21.1812050398	1.0	1217.0
21.2056354955	2.0	1208.0
21.2300659511	1.0	1193.0
21.2544964068	0.0	1196.0
21.2789268624	1.0	1166.0
21.303357318	2.0	1174.0
21.3277877737	2.0	1150.0
21.3522182293	2.0	1178.0
21.376648685	0.0	1072.0
21.4010791406	0.0	1160.0
21.4255095962	2.0	1171.0
21.4499400519	2.0	1164.0
21.4743705075	2.0	1156.0
21.4988009632	2.0	1197.0
21.5232314188	2.0	1131.0
21.5476618744	3.0	1146.0
21.5720923301	0.0	1147.0
21.5965227857	0.0	1103.0
21.6209532414	0.0	1061.0
21.645383697	0.0	1089.0
21.6698141526	2.0	1184.0
21.6942446083	1.0	1091.0
21.7186750639	1.0	1033.0
21.7431055196	0.0	1039.0
21.7675359752	3.0	1024.0
21.7919664308	0.0	1075.0
21.8163968865	0.0	1063.0
21.8408273421	1.0	1038.0
21.8652577978	1.0	1050.0
21.8896882534	1.0	1076.0
21.914118709	0.0	1033.0
21.9385491647	0.0	1078.0
21.9629796203	2.0	1071.0
21.987410076	1.0	1052.0
22.0118405316	0.0	1058.0
22.0362709872	2.0	1035.0
22.0607014429	0.0	1014.0
22.0851318985	0.0	986.0
22.1095623542	0.0	992.0
22.1339928098	2.0	1052.0
22.1584232654	1.0	1002.0
22.1828537211	1.0	980.0
22.2072841767	2.0	992.0
22.2317146324	3.0	983.0
22.256145088	2.0	984.0
22.2805755436	0.0	977.0
22.3050059993	2.0	973.0
22.3294364549	2.0	1013.0
22.3538669106	1.0	985.0
22.3782973662	0.0	929.0
22.4027278218	1.0	923.0
22.4271582775	0.0	940.0
22.4515887331	1.0	961.0
22.4760191888	1.0	985.0
22.5004496444	0.0	938.0
22.5248801	1.0	934.0
22.5493105557	2.0	944.0
22.5737410113	1.0	905.0
22.598171467	2.0	893.0
22.6226019226	0.0	904.0
22.6470323782	1.0	899.0
22.6714628339	0.0	921.0
22.6958932895	1.0	887.0
22.7203237452	0.0	959.0
22.7447542008	1.0	883.0
22.7691846564	0.0	951.0
22.7936151121	1.0	886.0
22.8180455677	0.0	844.0
22.8424760234	1.0	923.0
22.866906479	1.0	871.0
22.8913369346	0.0	879.0
22.9157673903	1.0	859.0
22.9401978459	0.0	839.0
22.9646283016	2.0	839.0
22.9890587572	1.0	868.0
23.0134892128	0.0	850.0
23.0379196685	1.0	831.0
23.0623501241	2.0	854.0
23.0867805798	1.0	773.0
23.1112110354	1.0	836.0
23.135641491	1.0	817.0
23.1600719467	0.0	861.0
23.1845024023	1.0	780.0
23.208932858	1.0	838.0
23.2333633136	1.0	785.0
23.2577937692	2.0	786.0
23.2822242249	0.0	801.0
23.3066546805	1.0	811.0
23.3310851362	0.0	817.0
23.3555155918	2.0	793.0
23.3799460474	1.0	800.0
23.4043765031	1.0	786.0
23.4288069587	0.0	779.0
23.4532374144	1.0	769.0
23.47766787	0.0	775.0
23.5020983256	2.0	813.0
23.5265287813	1.0	717.0
23.5509592369	3.0	761.0
23.5753896926	0.0	756.0
23.5998201482	1.0	762.0
23.6242506038	0.0	721.0
23.6486810595	0.0	749.0
23.6731115151	0.0	690.0
23.6975419708	1.0	789.0
23.7219724264	0.0	696.0
23.746402882	0.0	765.0
23.7708333377	2.0	696.0
23.7952637933	0.0	716.0
23.819694249	1.0	686.0
23.8441247046	0.0	716.0
23.8685551602	0.0	696.0
23.8929856159	0.0	720.0
23.9174160715	0.0	668.0
23.9418465272	1.0	670.0
23.9662769828	1.0	708.0
23.9907074384	0.0	752.0
24.0151378941	2.0	721.0
24.0395683497	1.0	687.0
24.0639988054	1.0	729.0
24.088429261	1.0	685.0
24.1128597166	3.0	644.0
24.1372901723	0.0	689.0
24.1617206279	1.0	662.0
24.1861510836	1.0	670.0
24.2105815392	2.0	680.0
24.2350119948	2.0	686.0
24.2594424505	0.0	636.0
24.2838729061	1.0	625.0
24.3083033618	2.0	642.0
24.3327338174	0.0	687.0
24.357164273	0.0	653.0
24.3815947287	0.0	616.0
24.4060251843	0.0	660.0
24.43045564	0.0	605.0
24.4548860956	0.0	640.0
24.4793165512	2.0	579.0
24.5037470069	0.0	603.0
24.5281774625	1.0	629.0
24.5526079182	1.0	595.0
24.5770383738	0.0	598.0
24.6014688294	0.0	607.0
24.6258992851	0.0	614.0
24.6503297407	1.0	628.0
24.6747601964	3.0	601.0
24.699190652	2.0	595.0
24.7236211076	0.0	615.0
24.7480515633	3.0	601.0
24.7724820189	3.0	594.0
24.7969124746	1.0	608.0
24.8213429302	0.0	598.0
24.8457733858	0.0	592.0
24.8702038415	0.0	607.0
24.8946342971	1.0	573.0
24.9190647528	3.0	575.0
24.9434952084	0.0	566.0
24.967925664	0.0	605.0
24.9923561197	0.0	555.0
25.0167865753	1.0	578.0
25.041217031	1.0	542.0
25.0656474866	0.0	537.0
25.0900779422	0.0	518.0
25.1145083979	2.0	534.0
25.1389388535	1.0	555.0
25.1633693092	1.0	584.0
25.1877997648	1.0	527.0
25.2122302204	1.0	554.0
25.2366606761	0.0	502.0
25.2610911317	0.0	533.0
25.2855215874	1.0	548.0
25.309952043	1.0	521.0
25.3343824986	0.0	542.0
25.3588129543	0.0	517.0
25.3832434099	0.0	488.0
25.4076738656	1.0	515.0
25.4321043212	0.0	516.0
25.4565347768	1.0	555.0
25.4809652325	0.0	516.0
25.5053956881	0.0	517.0
25.5298261438	0.0	467.0
25.5542565994	0.0	493.0
25.578687055	1.0	470.0
25.6031175107	0.0	494.0
25.6275479663	0.0	502.0
25.651978422	0.0	503.0
25.6764088776	0.0	444.0
25.7008393332	0.0	457.0
25.7252697889	1.0	484.0
25.7497002445	0.0	469.0
25.7741307002	0.0	458.0
25.7985611558	0.0	471.0
25.8229916114	1.0	466.0
25.8474220671	0.0	445.0
25.8718525227	0.0	456.0
25.8962829784	2.0	492.0
25.920713434	1.0	452.0
25.9451438896	0.0	465.0
25.9695743453	0.0	439.0
25.9940048009	0.0	449.0
26.0184352566	0.0	428.0
26.0428657122	0.0	425.0
26.0672961678	0.0	474.0
26.0917266235	1.0	463.0
26.1161570791	1.0	440.0
26.1405875348	1.0	459.0
26.1650179904	0.0	445.0
26.189448446	0.0	444.0
26.2138789017	0.0	445.0
26.2383093573	0.0	414.0
26.262739813	1.0	448.0
26.2871702686	0.0	464.0
26.3116007242	0.0	414.0
26.3360311799	1.0	406.0
26.3604616355	2.0	426.0
26.3848920912	0.0	393.0
26.4093225468	0.0	433.0
26.4337530024	0.0	435.0
26.4581834581	0.0	409.0
26.4826139137	0.0	433.0
26.5070443694	0.0	411.0
26.531474825	1.0	404.0
26.5559052806	1.0	404.0
26.5803357363	0.0	375.0
26.6047661919	0.0	373.0
26.6291966476	0.0	398.0
26.6536271032	1.0	419.0
26.6780575588	1.0	394.0
26.7024880145	2.0	426.0
26.7269184701	0.0	404.0
26.7513489258	0.0	357.0
26.7757793814	1.0	340.0
26.800209837	0.0	410.0
26.8246402927	2.0	404.0
26.8490707483	0.0	354.0
26.873501204	0.0	369.0
26.8979316596	0.0	426.0
26.9223621152	0.0	356.0
26.9467925709	2.0	373.0
26.9712230265	2.0	426.0
26.9956534822	0.0	391.0
27.0200839378	0.0	372.0
27.0445143934	0.0	386.0
27.0689448491	2.0	316.0
27.0933753047	2.0	406.0
27.1178057604	1.0	340.0
27.142236216	0.0	382.0
27.1666666716	1.0	357.0
27.1910971273	0.0	393.0
27.2155275829	0.0	323.0
27.2399580386	0.0	401.0
27.2643884942	1.0	371.0
27.2888189498	0.0	366.0
27.3132494055	0.0	339.0
27.3376798611	0.0	384.0
27.3621103168	1.0	354.0
27.3865407724	2.0	352.0
27.410971228	1.0	319.0
27.4354016837	0.0	334.0
27.4598321393	0.0	353.0
27.484262595	1.0	351.0
27.5086930506	1.0	314.0
27.5331235062	0.0	328.0
27.5575539619	2.0	334.0
27.5819844175	0.0	337.0
27.6064148732	0.0	314.0
27.6308453288	0.0	327.0
27.6552757844	1.0	342.0
27.6797062401	1.0	322.0
27.7041366957	0.0	341.0
27.7285671514	0.0	354.0
27.752997607	1.0	320.0
27.7774280626	1.0	338.0
27.8018585183	1.0	288.0
27.8262889739	1.0	321.0
27.8507194296	0.0	324.0
27.8751498852	0.0	301.0
27.8995803408	0.0	307.0
27.9240107965	0.0	310.0
27.9484412521	0.0	285.0
27.9728717078	0.0	299.0
27.9973021634	0.0	301.0
28.021732619	0.0	264.0
28.0461630747	1.0	298.0
28.0705935303	0.0	283.0
28.095023986	1.0	311.0
28.1194544416	0.0	335.0
28.1438848972	0.0	285.0
28.1683153529	0.0	256.0
28.1927458085	1.0	314.0
28.2171762642	0.0	295.0
28.2416067198	0.0	291.0
28.2660371754	0.0	277.0
28.2904676311	0.0	277.0
28.3148980867	2.0	268.0
28.3393285424	0.0	277.0
28.363758998	0.0	297.0
28.3881894536	0.0	295.0
28.4126199093	0.0	308.0
28.4370503649	0.0	275.0
28.4614808206	2.0	286.0
28.4859112762	0.0	304.0
28.5103417318	0.0	302.0
28.5347721875	2.0	288.0
28.5592026431	0.0	269.0
28.5836330988	0.0	277.0
28.6080635544	1.0	293.0
28.63249401	1.0	265.0
28.6569244657	1.0	286.0
28.6813549213	2.0	274.0
28.705785377	0.0	280.0
28.7302158326	0.0	274.0
28.7546462882	1.0	281.0
28.7790767439	0.0	237.0
28.8035071995	0.0	273.0
28.8279376552	0.0	260.0
28.8523681108	0.0	274.0
28.8767985664	0.0	252.0
28.9012290221	0.0	239.0
28.9256594777	1.0	265.0
28.9500899334	0.0	245.0
28.974520389	1.0	263.0
28.9989508446	0.0	233.0
29.0233813003	1.0	263.0
29.0478117559	0.0	223.0
29.0722422116	0.0	239.0
29.0966726672	0.0	225.0
29.1211031228	0.0	236.0
29.1455335785	0.0	258.0
29.1699640341	0.0	237.0
29.1943944898	0.0	250.0
29.2188249454	0.0	245.0
29.243255401	0.0	249.0
29.2676858567	0.0	224.0
29.2921163123	0.0	212.0
29.316546768	0.0	263.0
29.3409772236	2.0	238.0
29.3654076792	0.0	221.0
29.3898381349	0.0	210.0
29.4142685905	1.0	216.0
29.4386990461	2.0	237.0
29.4631295018	0.0	225.0
29.4875599574	1.0	217.0
29.5119904131	1.0	238.0
29.5364208687	0.0	210.0
29.5608513243	0.0	233.0
29.58528178	0.0	233.0
29.6097122356	0.0	224.0
29.6341426913	0.0	222.0
29.6585731469	2.0	220.0
29.6830036025	0.0	234.0
29.7074340582	0.0	217.0
29.7318645138	0.0	221.0
29.7562949695	0.0	219.0
29.7807254251	1.0	199.0
29.8051558807	0.0	219.0
29.8295863364	0.0	209.0
29.854016792	0.0	186.0
29.8784472477	3.0	223.0
29.9028777033	0.0	191.0
29.9273081589	2.0	220.0
29.9517386146	1.0	212.0
29.9761690702	0.0	194.0
30.0005995259	0.0	190.0
30.0250299815	2.0	220.0
30.0494604371	0.0	205.0
30.0738908928	0.0	187.0
30.0983213484	1.0	198.0
30.1227518041	0.0	201.0
30.1471822597	0.0	195.0
30.1716127153	0.0	205.0
30.196043171	0.0	189.0
30.2204736266	0.0	198.0
30.2449040823	1.0	200.0
30.2693345379	1.0	194.0
30.2937649935	0.0	184.0
30.3181954492	0.0	214.0
30.3426259048	0.0	198.0
30.3670563605	1.0	183.0
30.3914868161	0.0	193.0
30.4159172717	0.0	191.0
30.4403477274	0.0	185.0
30.464778183	1.0	206.0
30.4892086387	1.0	188.0
30.5136390943	1.0	194.0
30.5380695499	1.0	165.0
30.5625000056	1.0	168.0
30.5869304612	0.0	179.0
30.6113609169	0.0	196.0
30.6357913725	1.0	179.0
30.6602218281	0.0	175.0
30.6846522838	0.0	182.0
30.7090827394	0.0	161.0
30.7335131951	0.0	207.0
30.7579436507	0.0	163.0
30.7823741063	1.0	155.0
30.806804562	0.0	183.0
30.8312350176	0.0	193.0
30.8556654733	2.0	178.0
30.8800959289	0.0	186.0
30.9045263845	0.0	198.0
30.9289568402	1.0	162.0
30.9533872958	0.0	183.0
30.9778177515	0.0	166.0
31.0022482071	1.0	165.0
31.0266786627	1.0	190.0
31.0511091184	1.0	168.0
31.075539574	0.0	155.0
31.0999700297	0.0	156.0
31.1244004853	1.0	163.0
31.1488309409	1.0	156.0
31.1732613966	0.0	187.0
31.1976918522	1.0	164.0
31.2221223079	0.0	165.0
31.2465527635	0.0	150.0
31.2709832191	0.0	148.0
31.2954136748	0.0	142.0
31.3198441304	0.0	176.0
31.3442745861	0.0	148.0
31.3687050417	0.0	143.0
31.3931354973	0.0	153.0
31.417565953	2.0	149.0
31.4419964086	1.0	168.0
31.4664268643	0.0	137.0
31.4908573199	1.0	167.0
31.5152877755	0.0	148.0
31.5397182312	0.0	174.0
31.5641486868	0.0	133.0
31.5885791425	1.0	143.0
31.6130095981	0.0	153.0
31.6374400537	0.0	107.0
31.6618705094	1.0	137.0
31.686300965	0.0	142.0
31.7107314207	0.0	138.0
31.7351618763	1.0	142.0
31.7595923319	1.0	142.0
31.7840227876	0.0	160.0
31.8084532432	0.0	150.0
31.8328836989	0.0	153.0
31.8573141545	0.0	121.0
31.8817446101	0.0	116.0
31.9061750658	1.0	141.0
31.9306055214	1.0	142.0
31.9550359771	1.0	151.0
31.9794664327	0.0	147.0
32.0038968883	1.0	145.0
32.028327344	0.0	138.0
32.0527577996	0.0	131.0
32.0771882553	0.0	146.0
32.1016187109	1.0	146.0
32.1260491665	2.0	135.0
32.1504796222	0.0	116.0
32.1749100778	0.0	126.0
32.1993405335	0.0	120.0
32.2237709891	0.0	114.0
32.2482014447	1.0	129.0
32.2726319004	1.0	131.0
32.297062356	0.0	123.0
32.3214928117	0.0	131.0
32.3459232673	1.0	129.0
32.3703537229	0.0	145.0
32.3947841786	0.0	89.0
32.4192146342	0.0	134.0
32.4436450899	0.0	137.0
32.4680755455	0.0	122.0
32.4925060011	0.0	122.0
32.5169364568	0.0	121.0
32.5413669124	0.0	134.0
32.5657973681	0.0	129.0
32.5902278237	1.0	121.0
32.6146582793	2.0	123.0
32.639088735	0.0	133.0
32.6635191906	1.0	130.0
32.6879496463	0.0	112.0
32.7123801019	1.0	120.0
32.7368105575	1.0	110.0
32.7612410132	0.0	134.0
32.7856714688	5.0	124.0
32.8101019245	2.0	131.0
32.8345323801	0.0	122.0
32.8589628357	0.0	98.0
32.8833932914	0.0	97.0
32.907823747	0.0	119.0
32.9322542027	0.0	122.0
32.9566846583	0.0	106.0
32.9811151139	2.0	113.0
33.0055455696	0.0	111.0
33.0299760252	0.0	106.0
33.0544064809	2.0	107.0
33.0788369365	1.0	108.0
33.1032673921	1.0	123.0
33.1276978478	1.0	101.0
33.1521283034	0.0	104.0
33.1765587591	1.0	108.0
33.2009892147	0.0	116.0
33.2254196703	0.0	111.0
33.249850126	0.0	102.0
33.2742805816	1.0	121.0
33.2987110373	0.0	117.0
33.3231414929	0.0	99.0
33.3475719485	0.0	114.0
33.3720024042	0.0	120.0
33.3964328598	1.0	108.0
33.4208633155	1.0	106.0
33.4452937711	1.0	105.0
33.4697242267	0.0	82.0
33.4941546824	0.0	104.0
33.518585138	1.0	104.0
33.5430155937	0.0	89.0
33.5674460493	2.0	122.0
33.5918765049	0.0	92.0
33.6163069606	0.0	99.0
33.6407374162	1.0	115.0
33.6651678719	0.0	114.0
33.6895983275	0.0	124.0
33.7140287831	0.0	115.0
33.7384592388	0.0	90.0
33.7628896944	0.0	86.0
33.7873201501	0.0	87.0
33.8117506057	1.0	98.0
33.8361810613	1.0	107.0
33.860611517	0.0	93.0
33.8850419726	2.0	105.0
33.9094724283	0.0	91.0
33.9339028839	1.0	98.0
33.9583333395	0.0	75.0
33.9827637952	0.0	99.0
34.0071942508	1.0	86.0
34.0316247065	0.0	115.0
34.0560551621	0.0	109.0
34.0804856177	2.0	82.0
34.1049160734	1.0	89.0
34.129346529	0.0	90.0
34.1537769847	1.0	92.0
34.1782074403	1.0	95.0
34.2026378959	1.0	91.0
34.2270683516	0.0	104.0
34.2514988072	1.0	70.0
34.2759292629	0.0	87.0
34.3003597185	0.0	107.0
34.3247901741	0.0	102.0
34.3492206298	0.0	74.0
34.3736510854	0.0	78.0
34.3980815411	0.0	86.0
34.4225119967	1.0	94.0
34.4469424523	0.0	88.0
34.471372908	0.0	80.0
34.4958033636	1.0	88.0
34.5202338193	0.0	88.0
34.5446642749	0.0	84.0
34.5690947305	1.0	83.0
34.5935251862	1.0	72.0
34.6179556418	1.0	83.0
34.6423860975	2.0	77.0
34.6668165531	0.0	84.0
34.6912470087	0.0	90.0
34.7156774644	0.0	77.0
34.74010792	0.0	90.0
34.7645383757	0.0	77.0
34.7889688313	0.0	77.0
34.8133992869	0.0	72.0
34.8378297426	0.0	69.0
34.8622601982	0.0	65.0
34.8866906539	1.0	68.0
34.9111211095	1.0	69.0
34.9355515651	1.0	79.0
34.9599820208	0.0	80.0
34.9844124764	0.0	71.0
35.0088429321	0.0	86.0
35.0332733877	1.0	71.0
35.0577038433	2.0	58.0
35.082134299	0.0	78.0
35.1065647546	0.0	76.0
35.1309952103	1.0	66.0
35.1554256659	0.0	71.0
35.1798561215	0.0	69.0
35.2042865772	0.0	65.0
35.2287170328	0.0	76.0
35.2531474885	0.0	75.0
35.2775779441	1.0	68.0
35.3020083997	0.0	76.0
35.3264388554	1.0	71.0
35.350869311	1.0	73.0
35.3752997667	1.0	73.0
35.3997302223	0.0	74.0
35.4241606779	0.0	79.0
35.4485911336	0.0	69.0
35.4730215892	1.0	85.0
35.4974520449	0.0	73.0
35.5218825005	1.0	70.0
35.5463129561	0.0	83.0
35.5707434118	0.0	60.0
35.5951738674	0.0	70.0
35.6196043231	1.0	50.0
35.6440347787	0.0	83.0
35.6684652343	0.0	68.0
35.69289569	0.0	74.0
35.7173261456	0.0	80.0
35.7417566013	0.0	67.0
35.7661870569	0.0	48.0
35.7906175125	0.0	68.0
35.8150479682	0.0	55.0
35.8394784238	1.0	64.0
35.8639088795	0.0	71.0
35.8883393351	0.0	64.0
35.9127697907	0.0	77.0
35.9372002464	0.0	69.0
35.961630702	0.0	66.0
35.9860611577	0.0	64.0
36.0104916133	0.0	73.0
36.0349220689	0.0	68.0
36.0593525246	1.0	63.0
36.0837829802	0.0	68.0
36.1082134359	0.0	51.0
36.1326438915	0.0	48.0
36.1570743471	1.0	56.0
36.1815048028	0.0	64.0
36.2059352584	0.0	51.0
36.2303657141	0.0	69.0
36.2547961697	3.0	62.0
36.2792266253	0.0	70.0
36.303657081	0.0	65.0
36.3280875366	0.0	67.0
36.3525179923	0.0	73.0
36.3769484479	1.0	60.0
36.4013789035	0.0	68.0
36.4258093592	1.0	65.0
36.4502398148	1.0	58.0
36.4746702705	0.0	48.0
36.4991007261	1.0	57.0
36.5235311817	0.0	57.0
36.5479616374	0.0	67.0
36.572392093	0.0	48.0
36.5968225487	0.0	62.0
36.6212530043	0.0	49.0
36.6456834599	0.0	33.0
36.6701139156	0.0	67.0
36.6945443712	0.0	68.0
36.7189748269	0.0	53.0
36.7434052825	0.0	46.0
36.7678357381	0.0	49.0
36.7922661938	0.0	57.0
36.8166966494	0.0	43.0
36.8411271051	0.0	56.0
36.8655575607	0.0	51.0
36.8899880163	2.0	58.0
36.914418472	0.0	67.0
36.9388489276	0.0	60.0
36.9632793833	0.0	42.0
36.9877098389	0.0	61.0
37.0121402945	1.0	54.0
37.0365707502	0.0	57.0
37.0610012058	0.0	53.0
37.0854316615	1.0	53.0
37.1098621171	0.0	43.0
37.1342925727	0.0	45.0
37.1587230284	0.0	48.0
37.183153484	1.0	49.0
37.2075839397	0.0	64.0
37.2320143953	0.0	46.0
37.2564448509	0.0	36.0
37.2808753066	0.0	53.0
37.3053057622	0.0	56.0
37.3297362179	0.0	43.0
37.3541666735	0.0	51.0
37.3785971291	1.0	49.0
37.4030275848	1.0	43.0
37.4274580404	0.0	50.0
37.4518884961	2.0	45.0
37.4763189517	0.0	47.0
37.5007494073	1.0	46.0
37.525179863	0.0	43.0
37.5496103186	0.0	40.0
37.5740407743	0.0	35.0
37.5984712299	0.0	34.0
37.6229016855	1.0	54.0
37.6473321412	0.0	44.0
37.6717625968	0.0	45.0
37.6961930525	0.0	46.0
37.7206235081	0.0	45.0
37.7450539637	0.0	50.0
37.7694844194	0.0	56.0
37.793914875	0.0	46.0
37.8183453307	1.0	44.0
37.8427757863	0.0	30.0
37.8672062419	0.0	40.0
37.8916366976	0.0	40.0
37.9160671532	0.0	41.0
37.9404976089	0.0	46.0
37.9649280645	1.0	52.0
37.9893585201	0.0	41.0
38.0137889758	0.0	25.0
38.0382194314	0.0	44.0
38.0626498871	0.0	34.0
38.0870803427	0.0	38.0
38.1115107983	1.0	46.0
38.135941254	0.0	37.0
38.1603717096	1.0	43.0
38.1848021653	0.0	36.0
38.2092326209	0.0	43.0
38.2336630765	0.0	40.0
38.2580935322	0.0	37.0
38.2825239878	1.0	32.0
38.3069544435	0.0	22.0
38.3313848991	0.0	33.0
38.3558153547	0.0	44.0
38.3802458104	0.0	44.0
38.404676266	0.0	39.0
38.4291067217	0.0	37.0
38.4535371773	1.0	48.0
38.4779676329	0.0	42.0
38.5023980886	0.0	48.0
38.5268285442	0.0	42.0
38.5512589999	0.0	32.0
38.5756894555	0.0	43.0
38.6001199111	0.0	36.0
38.6245503668	0.0	36.0
38.6489808224	0.0	35.0
38.6734112781	0.0	42.0
38.6978417337	1.0	43.0
38.7222721893	0.0	35.0
38.746702645	0.0	37.0
38.7711331006	0.0	27.0
38.7955635563	0.0	39.0
38.8199940119	1.0	34.0
38.8444244675	3.0	43.0
38.8688549232	1.0	45.0
38.8932853788	0.0	41.0
38.9177158345	0.0	33.0
38.9421462901	0.0	39.0
38.9665767457	1.0	36.0
38.9910072014	2.0	36.0
39.015437657	1.0	44.0
39.0398681127	1.0	45.0
39.0642985683	0.0	38.0
39.0887290239	1.0	25.0
39.1131594796	1.0	35.0
39.1375899352	0.0	42.0
39.1620203909	0.0	28.0
39.1864508465	0.0	31.0
39.2108813021	0.0	27.0
39.2353117578	1.0	35.0
39.2597422134	0.0	36.0
39.2841726691	0.0	34.0
39.3086031247	1.0	29.0
39.3330335803	0.0	20.0
39.357464036	2.0	37.0
39.3818944916	0.0	36.0
39.4063249473	0.0	21.0
39.4307554029	0.0	37.0
39.4551858585	0.0	35.0
39.4796163142	1.0	28.0
39.5040467698	2.0	32.0
39.5284772255	0.0	31.0
39.5529076811	2.0	38.0
39.5773381367	0.0	31.0
39.6017685924	0.0	31.0
39.626199048	0.0	29.0
39.6506295037	0.0	31.0
39.6750599593	0.0	29.0
39.6994904149	1.0	35.0
39.7239208706	0.0	31.0
39.7483513262	0.0	31.0
39.7727817819	0.0	42.0
39.7972122375	0.0	23.0
39.8216426931	0.0	19.0
39.8460731488	0.0	28.0
39.8705036044	0.0	36.0
39.8949340601	1.0	26
39.9193645157	0.0	32
39.9437949713	0.0	38
39.968225427	0.0	25
39.9926558826	0.0	30
40.0170863383	0.0	31
40.0415167939	0.0	32
40.0659472495	0.0	31
40.0903777052	0.0	37
40.1148081608	0.0	40
40.1392386165	1.0	32
40.1636690721	0.0	34
40.1880995277	0.0	31
40.2125299834	0.0	39
40.236960439	0.0	27
40.2613908947	0.0	20
40.2858213503	0.0	28
40.3102518059	2.0	13
40.3346822616	0.0	35
40.3591127172	0.0	23
40.3835431729	1.0	24
40.4079736285	0.0	35
40.4324040841	1.0	28
40.4568345398	1.0	27
40.4812649954	0.0	26
40.5056954511	1.0	27
40.5301259067	2.0	21
40.5545563623	0.0	28
40.578986818	0.0	19
40.6034172736	0.0	27
40.6278477293	0.0	29
40.6522781849	0.0	21
40.6767086405	0.0	26
40.7011390962	0.0	25
40.7255695518	0.0	25
40.7500000075	0.0	25
40.7744304631	0.0	27
40.7988609187	0.0	31
40.8232913744	0.0	27
40.84772183	0.0	21
40.8721522857	0.0	27
40.8965827413	1.0	25
40.9210131969	0.0	23
40.9454436526	0.0	24
40.9698741082	1.0	24
40.9943045639	0.0	25
41.0187350195	0.0	28
41.0431654751	0.0	27
41.0675959308	0.0	20
41.0920263864	0.0	30
41.116456842	0.0	22
41.1408872977	0.0	22
41.1653177533	0.0	13
41.189748209	0.0	34
41.2141786646	0.0	21
41.2386091202	0.0	27
41.2630395759	0.0	30
41.2874700315	1.0	20
41.3119004872	0.0	27
41.3363309428	0.0	21
41.3607613984	1.0	23
41.3851918541	1.0	27
41.4096223097	0.0	18
41.4340527654	0.0	20
41.458483221	0.0	17
41.4829136766	0.0	13
41.5073441323	0.0	22
41.5317745879	0.0	24
41.5562050436	2.0	26
41.5806354992	1.0	24
41.6050659548	0.0	23
41.6294964105	0.0	33
41.6539268661	0.0	19
41.6783573218	0.0	15
41.7027877774	0.0	13
41.727218233	0.0	24
41.7516486887	1.0	22
41.7760791443	0.0	21
41.8005096	1.0	31
41.8249400556	0.0	15
41.8493705112	0.0	20
41.8738009669	1.0	27
41.8982314225	0.0	24
41.9226618782	1.0	13
41.9470923338	0.0	27
41.9715227894	0.0	23
41.9959532451	0.0	24
42.0203837007	0.0	21
42.0448141564	0.0	25
42.069244612	0.0	19
42.0936750676	0.0	20
42.1181055233	0.0	20
42.1425359789	0.0	25
42.1669664346	0.0	18
42.1913968902	1.0	13
42.2158273458	0.0	17
42.2402578015	0.0	15
42.2646882571	0.0	22
42.2891187128	1.0	12
42.3135491684	1.0	31
42.337979624	0.0	18
42.3624100797	0.0	18
42.3868405353	0.0	20
42.411270991	0.0	14
42.4357014466	0.0	14
42.4601319022	0.0	20
42.4845623579	0.0	20
42.5089928135	0.0	25
42.5334232692	0.0	18
42.5578537248	1.0	13
42.5822841804	0.0	15
42.6067146361	1.0	19
42.6311450917	0.0	18
42.6555755474	1.0	21
42.680006003	0.0	18
42.7044364586	0.0	15
42.7288669143	1.0	23
42.7532973699	1.0	13
42.7777278256	0.0	21
42.8021582812	0.0	16
42.8265887368	1.0	18
42.8510191925	0.0	9
42.8754496481	0.0	16
42.8998801038	0.0	14
42.9243105594	0.0	23
42.948741015	1.0	15
42.9731714707	0.0	19
42.9976019263	1.0	16
43.022032382	0.0	14
43.0464628376	0.0	27
43.0708932932	0.0	17
43.0953237489	0.0	16
43.1197542045	1.0	17
43.1441846602	0.0	16
43.1686151158	1.0	17
43.1930455714	0.0	19
43.2174760271	0.0	23
43.2419064827	0.0	21
43.2663369384	0.0	17
43.290767394	0.0	15
43.3151978496	0.0	25
43.3396283053	0.0	19
43.3640587609	0.0	19
43.3884892166	0.0	14
43.4129196722	0.0	19
43.4373501278	1.0	12
43.4617805835	0.0	13
43.4862110391	0.0	9
43.5106414948	0.0	23
43.5350719504	0.0	18
43.559502406	0.0	12
43.5839328617	0.0	8
43.6083633173	1.0	7
43.632793773	0.0	13
43.6572242286	1.0	15
43.6816546842	0.0	8
43.7060851399	0.0	11
43.7305155955	0.0	15
43.7549460512	0.0	14
43.7793765068	2.0	18
43.8038069624	0.0	10
43.8282374181	0.0	20
43.8526678737	1.0	19
43.8770983294	1.0	18
43.901528785	1.0	21
43.9259592406	0.0	11
43.9503896963	1.0	18
43.9748201519	2.0	14
43.9992506076	0.0	9
44.0236810632	0.0	17
44.0481115188	0.0	15
44.0725419745	0.0	16
44.0969724301	0.0	10
44.1214028858	0.0	11
44.1458333414	0.0	16
44.170263797	0.0	19
44.1946942527	0.0	16
44.2191247083	0.0	16
44.243555164	0.0	15
44.2679856196	0.0	6
44.2924160752	2.0	18
44.3168465309	0.0	11
44.3412769865	0.0	15
44.3657074422	0.0	12
44.3901378978	0.0	17
44.4145683534	1.0	14
44.4389988091	0.0	13
44.4634292647	0.0	14
44.4878597204	1.0	8
44.512290176	0.0	15
44.5367206316	1.0	7
44.5611510873	0.0	12
44.5855815429	1.0	10
44.6100119986	0.0	6
44.6344424542	1.0	7
44.6588729098	0.0	9
44.6833033655	0.0	14
44.7077338211	0.0	15
44.7321642768	2.0	14
44.7565947324	1.0	15
44.781025188	0.0	16
44.8054556437	0.0	16
44.8298860993	0.0	14
44.854316555	0.0	20
44.8787470106	0.0	6
44.9031774662	0.0	19
44.9276079219	0.0	7
44.9520383775	1.0	8
44.9764688332	0.0	12
45.0008992888	0.0	15
45.0253297444	0.0	14
45.0497602001	0.0	8
45.0741906557	2.0	13
45.0986211114	1.0	8
45.123051567	0.0	15
45.1474820226	0.0	10
45.1719124783	1.0	12
45.1963429339	1.0	9
45.2207733896	0.0	10
45.2452038452	0.0	10
45.2696343008	0.0	9
45.2940647565	0.0	10
45.3184952121	1.0	14
45.3429256678	1.0	9
45.3673561234	1.0	15
45.391786579	0.0	10
45.4162170347	0.0	16
45.4406474903	0.0	12
45.465077946	0.0	12
45.4895084016	2.0	13
45.5139388572	0.0	13
45.5383693129	0.0	13
45.5627997685	0.0	6
45.5872302242	0.0	14
45.6116606798	0.0	11
45.6360911354	0.0	18
45.6605215911	1.0	8
45.6849520467	0.0	11
45.7093825024	1.0	20
45.733812958	0.0	11
45.7582434136	0.0	10
45.7826738693	1.0	9
45.8071043249	0.0	9
45.8315347806	0.0	6
45.8559652362	1.0	13
45.8803956918	0.0	7
45.9048261475	1.0	15
45.9292566031	0.0	8
45.9536870588	0.0	12
45.9781175144	0.0	12
46.00254797	0.0	16
46.0269784257	0.0	6
46.0514088813	0.0	10
46.075839337	1.0	9
46.1002697926	0.0	7
46.1247002482	0.0	16
46.1491307039	1.0	12
46.1735611595	0.0	6
46.1979916152	0.0	8
46.2224220708	0.0	13
46.2468525264	1.0	11
46.2712829821	0.0	3
46.2957134377	0.0	10
46.3201438934	0.0	13
46.344574349	0.0	10
46.3690048046	0.0	5
46.3934352603	0.0	13
46.4178657159	0.0	12
46.4422961716	0.0	7
46.4667266272	0.0	7
46.4911570828	0.0	12
46.5155875385	0.0	10
46.5400179941	1.0	10
46.5644484498	0.0	14
46.5888789054	1.0	13
46.613309361	0.0	7
46.6377398167	1.0	6
46.6621702723	2.0	8
46.686600728	0.0	10
46.7110311836	0.0	14
46.7354616392	0.0	11
46.7598920949	0.0	9
46.7843225505	0.0	5
46.8087530062	0.0	7
46.8331834618	2.0	6
46.8576139174	1.0	11
46.8820443731	0.0	9
46.9064748287	1.0	9
46.9309052844	0.0	11
46.95533574	1.0	7
46.9797661956	0.0	5
47.0041966513	0.0	10
47.0286271069	2.0	15
47.0530575626	2.0	3
47.0774880182	1.0	12
47.1019184738	0.0	11
47.1263489295	2.0	12
47.1507793851	0.0	14
47.1752098408	0.0	9
47.1996402964	0.0	9
47.224070752	0.0	8
47.2485012077	0.0	8
47.2729316633	1.0	7
47.297362119	0.0	6
47.3217925746	0.0	9
47.3462230302	0.0	15
47.3706534859	0.0	3
47.3950839415	0.0	10
47.4195143972	0.0	9
47.4439448528	0.0	11
47.4683753084	0.0	4
47.4928057641	0.0	14
47.5172362197	0.0	8
47.5416666754	0.0	2
47.566097131	0.0	8
47.5905275866	0.0	8
47.6149580423	0.0	6
47.6393884979	0.0	9
47.6638189536	0.0	6
47.6882494092	0.0	5
47.7126798648	0.0	6
47.7371103205	0.0	7
47.7615407761	1.0	4
47.7859712318	0.0	5
47.8104016874	0.0	8
47.834832143	0.0	5
47.8592625987	0.0	5
47.8836930543	1.0	5
47.90812351	0.0	7
47.9325539656	2.0	4
47.9569844212	0.0	7
47.9814148769	0.0	11
48.0058453325	0.0	6
48.0302757882	1.0	8
48.0547062438	0.0	8
48.0791366994	0.0	8
48.1035671551	0.0	9
48.1279976107	0.0	4
48.1524280664	0.0	10
48.176858522	0.0	7
48.2012889776	0.0	10
48.2257194333	0.0	6
48.2501498889	1.0	6
48.2745803446	0.0	6
48.2990108002	0.0	6
48.3234412558	0.0	8
48.3478717115	0.0	9
48.3723021671	1.0	5
48.3967326228	1.0	5
48.4211630784	0.0	13
48.445593534	0.0	4
48.4700239897	0.0	10
48.4944544453	0.0	7
48.518884901	0.0	7
48.5433153566	0.0	3
48.5677458122	0.0	6
48.5921762679	0.0	9
48.6166067235	1.0	7
48.6410371792	0.0	6
48.6654676348	0.0	9
48.6898980904	0.0	9
48.7143285461	0.0	6
48.7387590017	0.0	7
48.7631894574	0.0	11
48.787619913	0.0	4
48.8120503686	0.0	6
48.8364808243	0.0	5
48.8609112799	0.0	5
48.8853417356	1.0	7
48.9097721912	0.0	8
48.9342026468	0.0	4
48.9586331025	0.0	7
48.9830635581	0.0	8
49.0074940138	0.0	9
49.0319244694	1.0	6
49.056354925	0.0	3
49.0807853807	0.0	8
49.1052158363	1.0	8
49.129646292	0.0	6
49.1540767476	0.0	7
49.1785072032	1.0	5
49.2029376589	1.0	6
49.2273681145	1.0	9
49.2517985702	1.0	6
49.2762290258	1.0	4
49.3006594814	0.0	7
49.3250899371	0.0	4
49.3495203927	0.0	8
49.3739508484	0.0	5
49.398381304	0.0	7
49.4228117596	0.0	10
49.4472422153	0.0	9
49.4716726709	1.0	9
49.4961031266	0.0	2
49.5205335822	1.0	5
49.5449640378	0.0	3
49.5693944935	2.0	6
49.5938249491	0.0	7
49.6182554048	0.0	10
49.6426858604	1.0	5
49.667116316	0.0	10
49.6915467717	1.0	10
49.7159772273	0.0	7
49.740407683	0.0	9
49.7648381386	2.0	5
49.7892685942	0.0	4
49.8136990499	0.0	4
49.8381295055	0.0	2
49.8625599612	0.0	7
49.8869904168	0.0	4
49.9114208724	0.0	4
49.9358513281	1.0	6
49.9602817837	0.0	10
49.9847122394	0.0	4
50.009142695	0.0	5
50.0335731506	0.0	3
50.0580036063	0.0	7
50.0824340619	0.0	3
50.1068645176	1.0	6
50.1312949732	0.0	4
50.1557254288	0.0	7
50.1801558845	0.0	7
50.2045863401	0.0	6
50.2290167958	1.0	7
50.2534472514	1.0	7
50.277877707	1.0	3
50.3023081627	0.0	5
50.3267386183	1.0	3
50.351169074	0.0	7
50.3755995296	0.0	11
50.4000299852	0.0	4
50.4244604409	0.0	3
50.4488908965	1.0	7
50.4733213522	0.0	5
50.4977518078	0.0	5
50.5221822634	0.0	4
50.5466127191	0.0	9
50.5710431747	0.0	3
50.5954736304	1.0	7
50.619904086	0.0	6
50.6443345416	0.0	5
50.6687649973	0.0	3
50.6931954529	0.0	3
50.7176259086	0.0	6
50.7420563642	0.0	5
50.7664868198	0.0	4
50.7909172755	0.0	7
50.8153477311	0.0	5
50.8397781868	1.0	4
50.8642086424	0.0	6
50.888639098	0.0	8
50.9130695537	2.0	3
50.9375000093	1.0	2
50.961930465	1.0	6
50.9863609206	0.0	6
51.0107913762	0.0	5
51.0352218319	0.0	7
51.0596522875	1.0	1
51.0840827432	0.0	5
51.1085131988	0.0	4
51.1329436544	1.0	2
51.1573741101	0.0	2
51.1818045657	0.0	8
51.2062350214	0.0	10
51.230665477	0.0	5
51.2550959326	0.0	4
51.2795263883	0.0	5
51.3039568439	0.0	4
51.3283872996	0.0	3
51.3528177552	0.0	5
51.3772482108	0.0	5
51.4016786665	0.0	2
51.4261091221	0.0	4
51.4505395778	0.0	5
51.4749700334	1.0	5
51.499400489	1.0	3
51.5238309447	1.0	5
51.5482614003	1.0	7
51.572691856	0.0	6
51.5971223116	0.0	8
51.6215527672	0.0	6
51.6459832229	1.0	7
51.6704136785	2.0	6
51.6948441342	0.0	5
51.7192745898	0.0	1
51.7437050454	1.0	0
51.7681355011	1.0	4
51.7925659567	1.0	5
51.8169964124	0.0	5
51.841426868	0.0	10
51.8658573236	0.0	8
51.8902877793	0.0	5
51.9147182349	0.0	5
51.9391486906	0.0	2
51.9635791462	0.0	9
51.9880096018	0.0	10
52.0124400575	1.0	1
52.0368705131	0.0	3
52.0613009688	1.0	4
52.0857314244	0.0	5
52.11016188	0.0	5
52.1345923357	0.0	1
52.1590227913	0.0	1
52.183453247	0.0	4
52.2078837026	0.0	6
52.2323141582	0.0	6
52.2567446139	2.0	6
52.2811750695	0.0	7
52.3056055252	2.0	4
52.3300359808	0.0	2
52.3544664364	1.0	4
52.3788968921	0.0	6
52.4033273477	0.0	3
52.4277578034	0.0	3
52.452188259	0.0	4
52.4766187146	0.0	5
52.5010491703	1.0	4
52.5254796259	0.0	4
52.5499100816	1.0	7
52.5743405372	0.0	5
52.5987709928	0.0	4
52.6232014485	0.0	4
52.6476319041	0.0	2
52.6720623598	0.0	4
52.6964928154	1.0	5
52.720923271	0.0	4
52.7453537267	0.0	8
52.7697841823	0.0	2
52.794214638	1.0	6
52.8186450936	0.0	4
52.8430755492	0.0	4
52.8675060049	0.0	2
52.8919364605	1.0	2
52.9163669161	0.0	1
52.9407973718	1.0	5
52.9652278274	1.0	4
52.9896582831	0.0	2
53.0140887387	0.0	7
53.0385191943	1.0	2
53.06294965	0.0	2
53.0873801056	0.0	5
53.1118105613	0.0	8
53.1362410169	0.0	3
53.1606714725	0.0	4
53.1851019282	1.0	8
53.2095323838	0.0	7
53.2339628395	0.0	6
53.2583932951	0.0	1
53.2828237507	0.0	2
53.3072542064	0.0	7
53.331684662	0.0	5
53.3561151177	0.0	4
53.3805455733	0.0	6
53.4049760289	1.0	4
53.4294064846	0.0	3
53.4538369402	0.0	9
53.4782673959	0.0	1
53.5026978515	0.0	5
53.5271283071	0.0	3
53.5515587628	1.0	5
53.5759892184	0.0	5
53.6004196741	0.0	5
53.6248501297	0.0	4
53.6492805853	0.0	2
53.673711041	0.0	2
53.6981414966	0.0	4
53.7225719523	0.0	2
53.7470024079	0.0	4
53.7714328635	0.0	3
53.7958633192	0.0	4
53.8202937748	0.0	2
53.8447242305	0.0	2
53.8691546861	1.0	6
53.8935851417	1.0	7
53.9180155974	0.0	3
53.942446053	0.0	0
53.9668765087	0.0	6
53.9913069643	0.0	5
54.0157374199	0.0	6
54.0401678756	0.0	6
54.0645983312	0.0	4
54.0890287869	1.0	2
54.1134592425	0.0	8
54.1378896981	0.0	3
54.1623201538	0.0	7
54.1867506094	0.0	1
54.2111810651	0.0	2
54.2356115207	1.0	3
54.2600419763	0.0	10
54.284472432	0.0	5
54.3089028876	0.0	1
54.3333333433	1.0	4
54.3577637989	0.0	2
54.3821942545	1.0	3
54.4066247102	0.0	7
54.4310551658	0.0	3
54.4554856215	0.0	4
54.4799160771	0.0	3
54.5043465327	0.0	4
54.5287769884	0.0	7
54.553207444	1.0	5
54.5776378997	0.0	5
54.6020683553	0.0	8
54.6264988109	0.0	0
54.6509292666	0.0	3
54.6753597222	0.0	5
54.6997901779	1.0	3
54.7242206335	0.0	5
54.7486510891	0.0	2
54.7730815448	1.0	2
54.7975120004	0.0	2
54.8219424561	0.0	5
54.8463729117	0.0	5
54.8708033673	0.0	3
54.895233823	0.0	3
54.9196642786	0.0	3
54.9440947343	0.0	1
54.9685251899	1.0	4
54.9929556455	0.0	9
55.0173861012	0.0	3
55.0418165568	0.0	4
55.0662470125	0.0	2
55.0906774681	0.0	1
55.1151079237	0.0	5
55.1395383794	1.0	2
55.163968835	0.0	5
55.1883992907	0.0	6
55.2128297463	0.0	3
55.2372602019	0.0	4
55.2616906576	1.0	0
55.2861211132	0.0	2
55.3105515689	0.0	4
55.3349820245	0.0	2
55.3594124801	0.0	4
55.3838429358	0.0	6
55.4082733914	0.0	1
55.4327038471	0.0	4
55.4571343027	0.0	4
55.4815647583	0.0	5
55.505995214	0.0	3
55.5304256696	1.0	5
55.5548561253	0.0	6
55.5792865809	0.0	2
55.6037170365	0.0	1
55.6281474922	0.0	4
55.6525779478	1.0	1
55.6770084035	0.0	3
55.7014388591	2.0	2
55.7258693147	0.0	5
55.7502997704	1.0	1
55.774730226	0.0	9
55.7991606817	0.0	2
55.8235911373	1.0	2
55.8480215929	0.0	4
55.8724520486	0.0	5
55.8968825042	0.0	2
55.9213129599	0.0	3
55.9457434155	2.0	4
55.9701738711	0.0	1
55.9946043268	0.0	0
56.0190347824	1.0	5
56.0434652381	0.0	2
56.0678956937	0.0	3
56.0923261493	0.0	3
56.116756605	0.0	1
56.1411870606	0.0	2
56.1656175163	0.0	4
56.1900479719	0.0	3
56.2144784275	0.0	2
56.2389088832	0.0	0
56.2633393388	0.0	4
56.2877697945	0.0	3
56.3122002501	0.0	5
56.3366307057	0.0	2
56.3610611614	0.0	1
56.385491617	0.0	6
56.4099220727	0.0	3
56.4343525283	0.0	3
56.4587829839	0.0	2
56.4832134396	0.0	6
56.5076438952	0.0	9
56.5320743509	0.0	2
56.5565048065	0.0	3
56.5809352621	0.0	5
56.6053657178	0.0	5
56.6297961734	0.0	6
56.6542266291	0.0	1
56.6786570847	0.0	1
56.7030875403	0.0	2
56.727517996	0.0	3
56.7519484516	1.0	1
56.7763789073	1.0	0
56.8008093629	0.0	0
56.8252398185	0.0	3
56.8496702742	0.0	3
56.8741007298	0.0	3
56.8985311855	0.0	4
56.9229616411	2.0	5
56.9473920967	0.0	1
56.9718225524	0.0	1
56.996253008	0.0	3
57.0206834637	0.0	2
57.0451139193	1.0	1
57.0695443749	0.0	4
57.0939748306	1.0	3
57.1184052862	0.0	1
57.1428357419	0.0	3
57.1672661975	0.0	3
57.1916966531	0.0	2
57.2161271088	0.0	3
57.2405575644	0.0	3
57.2649880201	0.0	2
57.2894184757	0.0	3
57.3138489313	0.0	1
57.338279387	0.0	1
57.3627098426	0.0	2
57.3871402983	0.0	3
57.4115707539	0.0	3
57.4360012095	1.0	1
57.4604316652	0.0	4
57.4848621208	3.0	2
57.5092925765	0.0	4
57.5337230321	0.0	4
57.5581534877	0.0	2
57.5825839434	0.0	7
57.607014399	0.0	1
57.6314448547	0.0	3
57.6558753103	0.0	4
57.6803057659	1.0	3
57.7047362216	0.0	3
57.7291666772	0.0	3
57.7535971329	0.0	2
57.7780275885	0.0	2
57.8024580441	0.0	3
57.8268884998	1.0	4
57.8513189554	0.0	1
57.8757494111	0.0	1
57.9001798667	2.0	1
57.9246103223	0.0	3
57.949040778	0.0	3
57.9734712336	0.0	1
57.9979016893	0.0	5
58.0223321449	1.0	6
58.0467626005	0.0	3
58.0711930562	0.0	0
58.0956235118	0.0	3
58.1200539675	1.0	3
58.1444844231	0.0	3
58.1689148787	0.0	5
58.1933453344	0.0	2
58.21777579	0.0	1
58.2422062457	1.0	4
58.2666367013	0.0	7
58.2910671569	0.0	1
58.3154976126	1.0	1
58.3399280682	0.0	2
58.3643585239	0.0	3
58.3887889795	0.0	1
58.4132194351	1.0	3
58.4376498908	0.0	4
58.4620803464	0.0	3
58.4865108021	1.0	4
58.5109412577	0.0	3
58.5353717133	0.0	3
58.559802169	0.0	1
58.5842326246	0.0	1
58.6086630803	0.0	3
58.6330935359	1.0	2
58.6575239915	0.0	1
58.6819544472	0.0	2
58.7063849028	0.0	0
58.7308153585	0.0	3
58.7552458141	0.0	3
58.7796762697	0.0	2
58.8041067254	0.0	3
58.828537181	0.0	2
58.8529676367	0.0	1
58.8773980923	1.0	2
58.9018285479	0.0	1
58.9262590036	0.0	1
58.9506894592	0.0	4
58.9751199149	1.0	3
58.9995503705	0.0	3
59.0239808261	1.0	2
59.0484112818	0.0	3
59.0728417374	0.0	0
59.0972721931	1.0	3
59.1217026487	0.0	2
59.1461331043	1.0	4
59.17056356	0.0	0
59.1949940156	0.0	4
59.2194244713	0.0	1
59.2438549269	0.0	4
59.2682853825	0.0	3
59.2927158382	0.0	5
59.3171462938	0.0	3
59.3415767495	0.0	1
59.3660072051	0.0	4
59.3904376607	0.0	0
59.4148681164	0.0	1
59.439298572	0.0	2
59.4637290277	0.0	1
59.4881594833	0.0	3
59.5125899389	0.0	0
59.5370203946	1.0	1
59.5614508502	0.0	3
59.5858813059	0.0	2
59.6103117615	1.0	0
59.6347422171	1.0	3
59.6591726728	1.0	4
59.6836031284	0.0	3
59.7080335841	0.0	1
59.7324640397	0.0	2
59.7568944953	0.0	1
59.781324951	0.0	1
59.8057554066	0.0	0
59.8301858623	0.0	3
59.8546163179	0.0	3
59.8790467735	2.0	1
59.9034772292	0.0	3
59.9279076848	0.0	0
59.9523381405	0.0	0
59.9767685961	0.0	3
60.0011990517	0.0	4
60.0256295074	0.0	4
60.050059963	0.0	1
60.0744904187	0.0	2
60.0989208743	4.0	6
60.1233513299	0.0	3
60.1477817856	0.0	3
60.1722122412	1.0	7
60.1966426969	0.0	0
60.2210731525	0.0	3
60.2455036081	0.0	4
60.2699340638	1.0	2
60.2943645194	1.0	1
60.3187949751	0.0	1
60.3432254307	0.0	2
60.3676558863	0.0	4
60.392086342	0.0	2
60.4165167976	0.0	1
60.4409472533	0.0	6
60.4653777089	1.0	4
60.4898081645	0.0	1
60.5142386202	1.0	3
60.5386690758	0.0	4
60.5630995315	0.0	2
60.5875299871	0.0	1
60.6119604427	0.0	3
60.6363908984	0.0	5
60.660821354	0.0	1
60.6852518097	0.0	4
60.7096822653	0.0	7
60.7341127209	0.0	1
60.7585431766	0.0	2
60.7829736322	0.0	3
60.8074040879	0.0	3
60.8318345435	1.0	3
60.8562649991	0.0	3
60.8806954548	0.0	4
60.9051259104	0.0	4
60.9295563661	0.0	1
60.9539868217	0.0	1
60.9784172773	0.0	3
61.002847733	1.0	0
61.0272781886	0.0	3
61.0517086443	0.0	1
61.0761390999	0.0	2
61.1005695555	1.0	1
61.1250000112	0.0	1
61.1494304668	0.0	1
61.1738609225	0.0	2
61.1982913781	0.0	3
61.2227218337	1.0	2
61.2471522894	0.0	2
61.271582745	1.0	1
61.2960132007	0.0	3
61.3204436563	1.0	3
61.3448741119	0.0	2
61.3693045676	0.0	3
61.3937350232	1.0	4
61.4181654789	0.0	1
61.4425959345	0.0	1
61.4670263901	0.0	1
61.4914568458	0.0	1
61.5158873014	0.0	2
61.5403177571	1.0	1
61.5647482127	1.0	3
61.5891786683	0.0	1
61.613609124	0.0	2
61.6380395796	0.0	1
61.6624700353	0.0	0
61.6869004909	1.0	0
61.7113309465	0.0	1
61.7357614022	0.0	3
61.7601918578	0.0	2
61.7846223135	0.0	3
61.8090527691	0.0	2
61.8334832247	1.0	2
61.8579136804	0.0	4
61.882344136	0.0	1
61.9067745917	0.0	1
61.9312050473	0.0	2
61.9556355029	1.0	2
61.9800659586	0.0	1
62.0044964142	1.0	3
62.0289268699	0.0	2
62.0533573255	0.0	3
62.0777877811	2.0	0
62.1022182368	0.0	2
62.1266486924	1.0	3
62.1510791481	0.0	2
62.1755096037	0.0	1
62.1999400593	0.0	3
62.224370515	1.0	4
62.2488009706	0.0	6
62.2732314263	0.0	1
62.2976618819	0.0	0
62.3220923375	0.0	2
62.3465227932	0.0	2
62.3709532488	0.0	3
62.3953837045	1.0	4
62.4198141601	1.0	1
62.4442446157	0.0	1
62.4686750714	1.0	5
62.493105527	1.0	5
62.5175359827	0.0	1
62.5419664383	0.0	4
62.5663968939	0.0	5
62.5908273496	0.0	5
62.6152578052	1.0	3
62.6396882609	0.0	2
62.6641187165	0.0	1
62.6885491721	0.0	5
62.7129796278	1.0	3
62.7374100834	0.0	2
62.7618405391	0.0	1
62.7862709947	0.0	0
62.8107014503	0.0	1
62.835131906	0.0	4
62.8595623616	1.0	2
62.8839928173	0.0	4
62.9084232729	1.0	4
62.9328537285	1.0	0
62.9572841842	0.0	5
62.9817146398	0.0	3
63.0061450955	1.0	2
63.0305755511	0.0	3
63.0550060067	0.0	4
63.0794364624	0.0	3
63.103866918	0.0	3
63.1282973737	0.0	0
63.1527278293	1.0	1
63.1771582849	0.0	1
63.2015887406	0.0	1
63.2260191962	0.0	4
63.2504496519	0.0	3
63.2748801075	0.0	4
63.2993105631	1.0	1
63.3237410188	0.0	2
63.3481714744	1.0	3
63.3726019301	1.0	2
63.3970323857	0.0	7
63.4214628413	0.0	1
63.445893297	0.0	5
63.4703237526	0.0	2
63.4947542083	0.0	0
63.5191846639	0.0	1
63.5436151195	0.0	3
63.5680455752	0.0	5
63.5924760308	0.0	6
63.6169064865	0.0	6
63.6413369421	0.0	3
63.6657673977	0.0	0
63.6901978534	0.0	4
63.714628309	2.0	1
63.7390587647	0.0	3
63.7634892203	0.0	2
63.7879196759	0.0	3
63.8123501316	0.0	5
63.8367805872	0.0	5
63.8612110429	0.0	0
63.8856414985	0.0	1
63.9100719541	0.0	1
63.9345024098	0.0	2
63.9589328654	0.0	1
63.9833633211	1.0	3
64.0077937767	0.0	2
64.0322242323	0.0	1
64.056654688	0.0	1
64.0810851436	0.0	0
64.1055155993	0.0	2
64.1299460549	0.0	1
64.1543765105	0.0	1
64.1788069662	1.0	4
64.2032374218	0.0	3
64.2276678775	0.0	4
64.2520983331	0.0	0
64.2765287887	1.0	2
64.3009592444	0.0	1
64.3253897	0.0	0
64.3498201557	0.0	1
64.3742506113	1.0	1
64.3986810669	0.0	2
64.4231115226	0.0	1
64.4475419782	0.0	2
64.4719724339	0.0	2
64.4964028895	0.0	2
64.5208333451	0.0	0
64.5452638008	0.0	2
64.5696942564	2.0	1
64.594124712	0.0	1
64.6185551677	0.0	2
64.6429856233	0.0	1
64.667416079	0.0	1
64.6918465346	1.0	1
64.7162769902	0.0	2
64.7407074459	0.0	4
64.7651379015	0.0	1
64.7895683572	0.0	1
64.8139988128	0.0	7
64.8384292684	0.0	0
64.8628597241	0.0	1
64.8872901797	0.0	2
64.9117206354	0.0	2
64.936151091	1.0	1
64.9605815466	0.0	2
64.9850120023	0.0	4
65.0094424579	0.0	0
65.0338729136	0.0	1
65.0583033692	0.0	0
65.0827338248	0.0	2
65.1071642805	0.0	2
65.1315947361	0.0	2
65.1560251918	1.0	1
65.1804556474	0.0	3
65.204886103	0.0	1
65.2293165587	1.0	3
65.2537470143	0.0	2
65.27817747	0.0	1
65.3026079256	0.0	3
65.3270383812	0.0	0
65.3514688369	0.0	2
65.3758992925	0.0	5
65.4003297482	0.0	2
65.4247602038	1.0	5
65.4491906594	0.0	3
65.4736211151	0.0	2
65.4980515707	1.0	2
65.5224820264	0.0	3
65.546912482	1.0	6
65.5713429376	0.0	3
65.5957733933	0.0	2
65.6202038489	0.0	4
65.6446343046	0.0	2
65.6690647602	0.0	2
65.6934952158	0.0	1
65.7179256715	0.0	3
65.7423561271	0.0	2
65.7667865828	0.0	0
65.7912170384	0.0	4
65.815647494	0.0	2
65.8400779497	0.0	3
65.8645084053	1.0	1
65.888938861	0.0	2
65.9133693166	1.0	2
65.9377997722	0.0	4
65.9622302279	0.0	1
65.9866606835	0.0	3
66.0110911392	1.0	0
66.0355215948	0.0	3
66.0599520504	1.0	3
66.0843825061	0.0	3
66.1088129617	0.0	1
66.1332434174	0.0	1
66.157673873	1.0	1
66.1821043286	0.0	3
66.2065347843	0.0	1
66.2309652399	0.0	3
66.2553956956	0.0	3
66.2798261512	0.0	3
66.3042566068	0.0	4
66.3286870625	0.0	1
66.3531175181	1.0	0
66.3775479738	0.0	3
66.4019784294	1.0	1
66.426408885	0.0	2
66.4508393407	0.0	4
66.4752697963	0.0	2
66.499700252	1.0	4
66.5241307076	0.0	2
66.5485611632	1.0	6
66.5729916189	0.0	3
66.5974220745	0.0	4
66.6218525302	0.0	0
66.6462829858	0.0	2
66.6707134414	0.0	1
66.6951438971	0.0	1
66.7195743527	0.0	3
66.7440048084	0.0	4
66.768435264	0.0	3
66.7928657196	1.0	0
66.8172961753	0.0	1
66.8417266309	1.0	1
66.8661570866	0.0	1
66.8905875422	0.0	0
66.9150179978	0.0	2
66.9394484535	1.0	1
66.9638789091	1.0	5
66.9883093648	0.0	3
67.0127398204	0.0	3
67.037170276	0.0	1
67.0616007317	0.0	3
67.0860311873	0.0	2
67.110461643	0.0	4
67.1348920986	0.0	1
67.1593225542	0.0	2
67.1837530099	1.0	2
67.2081834655	0.0	2
67.2326139212	1.0	0
67.2570443768	0.0	1
67.2814748324	1.0	4
67.3059052881	0.0	4
67.3303357437	0.0	1
67.3547661994	1.0	1
67.379196655	0.0	3
67.4036271106	0.0	2
67.4280575663	0.0	3
67.4524880219	0.0	3
67.4769184776	1.0	3
67.5013489332	0.0	4
67.5257793888	0.0	0
67.5502098445	0.0	3
67.5746403001	0.0	4
67.5990707558	0.0	3
67.6235012114	0.0	1
67.647931667	1.0	2
67.6723621227	0.0	2
67.6967925783	0.0	1
67.721223034	0.0	2
67.7456534896	0.0	1
67.7700839452	0.0	0
67.7945144009	0.0	1
67.8189448565	0.0	2
67.8433753122	0.0	2
67.8678057678	0.0	2
67.8922362234	0.0	7
67.9166666791	0.0	6
67.9410971347	0.0	4
67.9655275904	0.0	3
67.989958046	0.0	2
68.0143885016	0.0	1
68.0388189573	0.0	1
68.0632494129	1.0	2
68.0876798686	0.0	2
68.1121103242	0.0	1
68.1365407798	0.0	0
68.1609712355	0.0	2
68.1854016911	0.0	1
68.2098321468	0.0	0
68.2342626024	0.0	4
68.258693058	0.0	2
68.2831235137	0.0	0
68.3075539693	0.0	1
68.331984425	0.0	2
68.3564148806	0.0	3
68.3808453362	1.0	1
68.4052757919	0.0	0
68.4297062475	1.0	4
68.4541367032	0.0	1
68.4785671588	0.0	1
68.5029976144	1.0	2
68.5274280701	1.0	2
68.5518585257	0.0	2
68.5762889814	0.0	2
68.600719437	1.0	4
68.6251498926	0.0	5
68.6495803483	0.0	4
68.6740108039	0.0	3
68.6984412596	0.0	1
68.7228717152	0.0	1
68.7473021708	0.0	6
68.7717326265	0.0	1
68.7961630821	0.0	0
68.8205935378	0.0	3
68.8450239934	1.0	0
68.869454449	0.0	0
68.8938849047	0.0	2
68.9183153603	0.0	1
68.942745816	0.0	1
68.9671762716	0.0	1
68.9916067272	0.0	3
69.0160371829	0.0	0
69.0404676385	0.0	2
69.0648980942	0.0	1
69.0893285498	0.0	4
69.1137590054	1.0	2
69.1381894611	0.0	2
69.1626199167	1.0	3
69.1870503724	0.0	0
69.211480828	0.0	2
69.2359112836	0.0	2
69.2603417393	0.0	4
69.2847721949	0.0	0
69.3092026506	0.0	1
69.3336331062	1.0	3
69.3580635618	0.0	2
69.3824940175	1.0	3
69.4069244731	0.0	1
69.4313549288	0.0	2
69.4557853844	0.0	1
69.48021584	0.0	0
69.5046462957	0.0	1
69.5290767513	0.0	1
69.553507207	0.0	2
69.5779376626	1.0	5
69.6023681182	0.0	1
69.6267985739	0.0	1
69.6512290295	0.0	2
69.6756594852	0.0	1
69.7000899408	0.0	0
69.7245203964	0.0	0
69.7489508521	0.0	1
69.7733813077	0.0	1
69.7978117634	0.0	4
69.822242219	0.0	2
69.8466726746	0.0	2
69.8711031303	0.0	1
69.8955335859	1.0	0
69.9199640416	0.0	2
69.9443944972	0.0	1
69.9688249528	1.0	4
69.9932554085	1.0	1
70.0176858641	0.0	1
70.0421163198	0.0	1
70.0665467754	1.0	3
70.090977231	0.0	0
70.1154076867	0.0	1
70.1398381423	0.0	1
70.164268598	0.0	3
70.1886990536	1.0	0
70.2131295092	0.0	2
70.2375599649	0.0	4
70.2619904205	0.0	3
70.2864208762	0.0	3
70.3108513318	2.0	4
70.3352817874	1.0	0
70.3597122431	1.0	2
70.3841426987	1.0	3
70.4085731544	1.0	5
70.43300361	0.0	0
70.4574340656	0.0	2
70.4818645213	0.0	1
70.5062949769	0.0	2
70.5307254326	0.0	1
70.5551558882	0.0	1
70.5795863438	1.0	5
70.6040167995	1.0	5
70.6284472551	0.0	0
70.6528777108	0.0	5
70.6773081664	0.0	4
70.701738622	0.0	1
70.7261690777	0.0	2
70.7505995333	0.0	3
70.775029989	1.0	5
70.7994604446	0.0	2
70.8238909002	1.0	2
70.8483213559	0.0	2
70.8727518115	0.0	2
70.8971822672	0.0	3
70.9216127228	0.0	3
70.9460431784	0.0	2
70.9704736341	0.0	1
70.9949040897	1.0	3
71.0193345454	0.0	1
71.043765001	1.0	3
71.0681954566	2.0	4
71.0926259123	0.0	1
71.1170563679	0.0	1
71.1414868236	1.0	1
71.1659172792	0.0	1
71.1903477348	1.0	2
71.2147781905	0.0	0
71.2392086461	0.0	1
71.2636391018	0.0	3
71.2880695574	0.0	4
71.312500013	0.0	5
71.3369304687	0.0	1
71.3613609243	0.0	2
71.38579138	0.0	4
71.4102218356	0.0	1
71.4346522912	0.0	2
71.4590827469	0.0	2
71.4835132025	0.0	1
71.5079436582	1.0	2
71.5323741138	1.0	1
71.5568045694	1.0	1
71.5812350251	0.0	0
71.6056654807	0.0	1
71.6300959364	0.0	2
71.654526392	0.0	1
71.6789568476	0.0	2
71.7033873033	0.0	1
71.7278177589	0.0	1
71.7522482146	0.0	3
71.7766786702	0.0	0
71.8011091258	0.0	2
71.8255395815	0.0	1
71.8499700371	0.0	2
71.8744004928	1.0	3
71.8988309484	0.0	3
71.923261404	0.0	4
71.9476918597	0.0	2
71.9721223153	0.0	1
71.996552771	0.0	0
72.0209832266	0.0	1
72.0454136822	0.0	2
72.0698441379	0.0	2
72.0942745935	0.0	0
72.1187050492	1.0	2
72.1431355048	0.0	4
72.1675659604	0.0	1
72.1919964161	0.0	1
72.2164268717	0.0	1
72.2408573274	0.0	1
72.265287783	0.0	1
72.2897182386	0.0	0
72.3141486943	0.0	4
72.3385791499	0.0	4
72.3630096056	0.0	0
72.3874400612	0.0	1
72.4118705168	0.0	4
72.4363009725	0.0	2
72.4607314281	0.0	2
72.4851618838	0.0	3
72.5095923394	0.0	1
72.534022795	1.0	2
72.5584532507	0.0	0
72.5828837063	0.0	3
72.607314162	0.0	1
72.6317446176	0.0	1
72.6561750732	0.0	5
72.6806055289	2.0	0
72.7050359845	0.0	2
72.7294664402	0.0	1
72.7538968958	0.0	1
72.7783273514	1.0	1
72.8027578071	0.0	2
72.8271882627	0.0	4
72.8516187184	0.0	1
72.876049174	0.0	0
72.9004796296	1.0	2
72.9249100853	0.0	3
72.9493405409	0.0	0
72.9737709966	0.0	2
72.9982014522	0.0	2
73.0226319078	0.0	3
73.0470623635	0.0	1
73.0714928191	0.0	4
73.0959232748	1.0	2
73.1203537304	0.0	2
73.144784186	0.0	1
73.1692146417	0.0	2
73.1936450973	1.0	1
73.218075553	0.0	3
73.2425060086	0.0	1
73.2669364642	0.0	3
73.2913669199	0.0	2
73.3157973755	0.0	3
73.3402278312	0.0	0
73.3646582868	0.0	2
73.3890887424	0.0	0
73.4135191981	0.0	0
73.4379496537	0.0	2
73.4623801094	0.0	0
73.486810565	1.0	1
73.5112410206	0.0	0
73.5356714763	0.0	2
73.5601019319	0.0	1
73.5845323876	0.0	4
73.6089628432	0.0	2
73.6333932988	0.0	2
73.6578237545	1.0	2
73.6822542101	0.0	1
73.7066846658	0.0	2
73.7311151214	0.0	3
73.755545577	0.0	0
73.7799760327	0.0	1
73.8044064883	0.0	2
73.828836944	0.0	0
73.8532673996	0.0	2
73.8776978552	0.0	3
73.9021283109	0.0	2
73.9265587665	0.0	2
73.9509892222	0.0	2
73.9754196778	0.0	0
73.9998501334	0.0	2
74.0242805891	0.0	1
74.0487110447	0.0	1
74.0731415004	1.0	0
74.097571956	0.0	2
74.1220024116	0.0	3
74.1464328673	0.0	0
74.1708633229	0.0	0
74.1952937786	0.0	2
74.2197242342	0.0	2
74.2441546898	0.0	2
74.2685851455	0.0	0
74.2930156011	0.0	2
74.3174460568	0.0	2
74.3418765124	0.0	0
74.366306968	0.0	1
74.3907374237	0.0	2
74.4151678793	0.0	2
74.439598335	0.0	4
74.4640287906	1.0	2
74.4884592462	0.0	2
74.5128897019	0.0	3
74.5373201575	0.0	1
74.5617506132	0.0	0
74.5861810688	0.0	2
74.6106115244	0.0	3
74.6350419801	1.0	0
74.6594724357	1.0	3
74.6839028914	0.0	2
74.708333347	0.0	4
74.7327638026	1.0	1
74.7571942583	0.0	0
74.7816247139	0.0	2
74.8060551696	0.0	3
74.8304856252	0.0	0
74.8549160808	1.0	2
74.8793465365	0.0	1
74.9037769921	1.0	2
74.9282074478	0.0	2
74.9526379034	0.0	3
74.977068359	0.0	6
75.0014988147	0.0	4
75.0259292703	0.0	3
75.050359726	1.0	3
75.0747901816	0.0	1
75.0992206372	0.0	2
75.1236510929	0.0	3
75.1480815485	0.0	1
75.1725120042	0.0	0
75.1969424598	0.0	3
75.2213729154	0.0	5
75.2458033711	0.0	0
75.2702338267	0.0	1
75.2946642824	1.0	2
75.319094738	0.0	1
75.3435251936	1.0	1
75.3679556493	0.0	2
75.3923861049	0.0	1
75.4168165606	1.0	2
75.4412470162	1.0	3
75.4656774718	0.0	2
75.4901079275	0.0	2
75.5145383831	0.0	0
75.5389688388	0.0	2
75.5633992944	1.0	2
75.58782975	1.0	4
75.6122602057	1.0	1
75.6366906613	1.0	2
75.661121117	0.0	5
75.6855515726	0.0	2
75.7099820282	0.0	3
75.7344124839	1.0	4
75.7588429395	0.0	3
75.7832733952	1.0	3
75.8077038508	0.0	1
75.8321343064	0.0	1
75.8565647621	0.0	2
75.8809952177	0.0	5
75.9054256734	0.0	2
75.929856129	0.0	1
75.9542865846	0.0	6
75.9787170403	0.0	1
76.0031474959	1.0	1
76.0275779516	0.0	2
76.0520084072	1.0	2
76.0764388628	0.0	3
76.1008693185	0.0	6
76.1252997741	0.0	1
76.1497302298	0.0	1
76.1741606854	0.0	0
76.198591141	0.0	4
76.2230215967	2.0	0
76.2474520523	0.0	0
76.271882508	0.0	3
76.2963129636	0.0	2
76.3207434192	0.0	3
76.3451738749	0.0	2
76.3696043305	1.0	1
76.3940347861	0.0	0
76.4184652418	0.0	1
76.4428956974	0.0	2
76.4673261531	0.0	1
76.4917566087	0.0	0
76.5161870643	0.0	3
76.54061752	0.0	1
76.5650479756	0.0	5
76.5894784313	0.0	1
76.6139088869	0.0	2
76.6383393425	1.0	1
76.6627697982	1.0	2
76.6872002538	0.0	2
76.7116307095	1.0	2
76.7360611651	0.0	2
76.7604916207	0.0	2
76.7849220764	0.0	2
76.809352532	0.0	0
76.8337829877	0.0	2
76.8582134433	0.0	3
76.8826438989	0.0	0
76.9070743546	0.0	1
76.9315048102	0.0	1
76.9559352659	0.0	2
76.9803657215	0.0	4
77.0047961771	0.0	2
77.0292266328	0.0	3
77.0536570884	0.0	0
77.0780875441	0.0	2
77.1025179997	1.0	2
77.1269484553	1.0	2
77.151378911	0.0	2
77.1758093666	1.0	1
77.2002398223	0.0	1
77.2246702779	0.0	1
77.2491007335	0.0	1
77.2735311892	0.0	3
77.2979616448	0.0	3
77.3223921005	0.0	0
77.3468225561	0.0	3
77.3712530117	0.0	0
77.3956834674	0.0	1
77.420113923	1.0	3
77.4445443787	0.0	6
77.4689748343	1.0	0
77.4934052899	0.0	3
77.5178357456	0.0	2
77.5422662012	0.0	3
77.5666966569	0.0	2
77.5911271125	0.0	3
77.6155575681	0.0	2
77.6399880238	0.0	3
77.6644184794	0.0	2
77.6888489351	0.0	0
77.7132793907	0.0	1
77.7377098463	1.0	1
77.762140302	0.0	2
77.7865707576	0.0	1
77.8110012133	2.0	1
77.8354316689	0.0	3
77.8598621245	0.0	1
77.8842925802	2.0	0
77.9087230358	0.0	1
77.9331534915	1.0	4
77.9575839471	0.0	1
77.9820144027	0.0	1
78.0064448584	0.0	1
78.030875314	0.0	1
78.0553057697	0.0	6
78.0797362253	1.0	3
78.1041666809	0.0	2
78.1285971366	1.0	1
78.1530275922	0.0	3
78.1774580479	0.0	1
78.2018885035	0.0	4
78.2263189591	0.0	2
78.2507494148	1.0	2
78.2751798704	0.0	1
78.2996103261	2.0	4
78.3240407817	0.0	2
78.3484712373	1.0	3
78.372901693	0.0	2
78.3973321486	0.0	2
78.4217626043	0.0	1
78.4461930599	0.0	0
78.4706235155	0.0	4
78.4950539712	0.0	3
78.5194844268	0.0	2
78.5439148825	0.0	1
78.5683453381	0.0	2
78.5927757937	0.0	2
78.6172062494	0.0	3
78.641636705	0.0	0
78.6660671607	0.0	1
78.6904976163	0.0	2
78.7149280719	0.0	2
78.7393585276	1.0	1
78.7637889832	0.0	2
78.7882194389	0.0	1
78.8126498945	0.0	1
78.8370803501	0.0	1
78.8615108058	1.0	1
78.8859412614	0.0	3
78.9103717171	1.0	1
78.9348021727	0.0	0
78.9592326283	0.0	2
78.983663084	0.0	2
79.0080935396	0.0	2
79.0325239953	0.0	2
79.0569544509	0.0	1
79.0813849065	0.0	2
79.1058153622	0.0	1
79.1302458178	1.0	5
79.1546762735	0.0	1
79.1791067291	0.0	4
79.2035371847	0.0	2
79.2279676404	0.0	1
79.252398096	0.0	0
79.2768285517	0.0	2
79.3012590073	0.0	2
79.3256894629	0.0	0
79.3501199186	0.0	2
79.3745503742	0.0	3
79.3989808299	0.0	2
79.4234112855	0.0	1
79.4478417411	0.0	2
79.4722721968	1.0	0
79.4967026524	0.0	2
79.5211331081	3.0	0
79.5455635637	0.0	0
79.5699940193	0.0	2
79.594424475	0.0	0
79.6188549306	0.0	2
79.6432853863	0.0	0
79.6677158419	0.0	3
79.6921462975	0.0	3
79.7165767532	0.0	2
79.7410072088	0.0	1
79.7654376645	0.0	0
79.7898681201	1.0	2
79.8142985757	0.0	2
79.8387290314	1.0	1
79.863159487	1.0	1
79.8875899427	0.0	0
79.9120203983	2.0	4
79.9364508539	0.0	1
79.9608813096	0.0	5
79.9853117652	0.0	0
80.0097422209	0.0	1
80.0341726765	0.0	5
80.0586031321	0.0	0
80.0830335878	0.0	2
80.1074640434	0.0	1
80.1318944991	0.0	1
80.1563249547	0.0	2
80.1807554103	0.0	2
80.205185866	0.0	1
80.2296163216	0.0	3
80.2540467773	0.0	2
80.2784772329	0.0	2
80.3029076885	0.0	1
80.3273381442	1.0	2
80.3517685998	0.0	4
80.3761990555	0.0	1
80.4006295111	0.0	3
80.4250599667	0.0	2
80.4494904224	0.0	2
80.473920878	0.0	2
80.4983513337	0.0	2
80.5227817893	0.0	0
80.5472122449	0.0	0
80.5716427006	1.0	2
80.5960731562	0.0	3
80.6205036119	1.0	0
80.6449340675	2.0	1
80.6693645231	0.0	0
80.6937949788	0.0	1
80.7182254344	1.0	2
80.7426558901	0.0	2
80.7670863457	0.0	3
80.7915168013	0.0	2
80.815947257	0.0	1
80.8403777126	1.0	2
80.8648081683	0.0	3
80.8892386239	0.0	3
80.9136690795	0.0	2
80.9380995352	0.0	1
80.9625299908	0.0	1
80.9869604465	0.0	4
81.0113909021	1.0	3
81.0358213577	0.0	1
81.0602518134	0.0	1
81.084682269	2.0	0
81.1091127247	0.0	2
81.1335431803	1.0	2
81.1579736359	0.0	1
81.1824040916	0.0	3
81.2068345472	0.0	2
81.2312650029	1.0	0
81.2556954585	0.0	0
81.2801259141	0.0	2
81.3045563698	0.0	1
81.3289868254	0.0	1
81.3534172811	0.0	1
81.3778477367	0.0	0
81.4022781923	0.0	1
81.426708648	0.0	0
81.4511391036	0.0	0
81.4755695593	1.0	1
81.5000000149	0.0	3
81.5244304705	0.0	2
81.5488609262	1.0	3
81.5732913818	0.0	0
81.5977218375	0.0	0
81.6221522931	1.0	0
81.6465827487	0.0	1
81.6710132044	0.0	1
81.69544366	0.0	2
81.7198741157	0.0	4
81.7443045713	0.0	1
81.7687350269	0.0	1
81.7931654826	0.0	2
81.8175959382	0.0	4
81.8420263939	0.0	1
81.8664568495	0.0	3
81.8908873051	0.0	2
81.9153177608	0.0	0
81.9397482164	0.0	3
81.9641786721	0.0	0
81.9886091277	0.0	2
82.0130395833	0.0	4
82.037470039	1.0	0
82.0619004946	0.0	2
82.0863309503	0.0	2
82.1107614059	1.0	1
82.1351918615	0.0	3
82.1596223172	0.0	2
82.1840527728	0.0	2
82.2084832285	0.0	0
82.2329136841	0.0	1
82.2573441397	0.0	0
82.2817745954	0.0	1
82.306205051	0.0	3
82.3306355067	0.0	0
82.3550659623	0.0	2
82.3794964179	0.0	2
82.4039268736	0.0	4
82.4283573292	0.0	1
82.4527877849	0.0	0
82.4772182405	1.0	0
82.5016486961	0.0	1
82.5260791518	0.0	0
82.5505096074	0.0	1
82.5749400631	0.0	3
82.5993705187	0.0	1
82.6238009743	1.0	0
82.64823143	0.0	2
82.6726618856	0.0	3
82.6970923413	0.0	2
82.7215227969	0.0	1
82.7459532525	0.0	1
82.7703837082	0.0	5
82.7948141638	0.0	2
82.8192446195	0.0	0
82.8436750751	0.0	0
82.8681055307	1.0	1
82.8925359864	0.0	3
82.916966442	2.0	3
82.9413968977	0.0	1
82.9658273533	0.0	2
82.9902578089	0.0	3
83.0146882646	0.0	1
83.0391187202	0.0	4
83.0635491759	0.0	1
83.0879796315	0.0	2
83.1124100871	0.0	4
83.1368405428	0.0	1
83.1612709984	0.0	2
83.1857014541	0.0	2
83.2101319097	0.0	2
83.2345623653	0.0	1
83.258992821	0.0	3
83.2834232766	0.0	3
83.3078537323	1.0	2
83.3322841879	1.0	0
83.3567146435	0.0	3
83.3811450992	0.0	0
83.4055755548	1.0	2
83.4300060105	0.0	2
83.4544364661	1.0	2
83.4788669217	0.0	0
83.5032973774	0.0	2
83.527727833	0.0	4
83.5521582887	0.0	3
83.5765887443	0.0	3
83.6010191999	0.0	3
83.6254496556	0.0	1
83.6498801112	0.0	1
83.6743105669	0.0	1
83.6987410225	0.0	2
83.7231714781	0.0	2
83.7476019338	0.0	3
83.7720323894	0.0	3
83.7964628451	0.0	1
83.8208933007	1.0	2
83.8453237563	0.0	1
83.869754212	1.0	2
83.8941846676	0.0	3
83.9186151233	0.0	3
83.9430455789	0.0	0
83.9674760345	0.0	3
83.9919064902	1.0	2
84.0163369458	1.0	1
84.0407674015	1.0	2
84.0651978571	0.0	3
84.0896283127	0.0	3
84.1140587684	0.0	1
84.138489224	0.0	3
84.1629196797	0.0	3
84.1873501353	0.0	1
84.2117805909	0.0	0
84.2362110466	0.0	2
84.2606415022	0.0	1
84.2850719579	0.0	0
84.3095024135	1.0	2
84.3339328691	0.0	1
84.3583633248	0.0	0
84.3827937804	1.0	2
84.4072242361	1.0	2
84.4316546917	0.0	2
84.4560851473	0.0	0
84.480515603	0.0	2
84.5049460586	0.0	1
84.5293765143	0.0	2
84.5538069699	0.0	1
84.5782374255	0.0	2
84.6026678812	1.0	5
84.6270983368	0.0	1
84.6515287925	0.0	1
84.6759592481	0.0	3
84.7003897037	0.0	4
84.7248201594	1.0	1
84.749250615	0.0	0
84.7736810707	0.0	4
84.7981115263	0.0	3
84.8225419819	0.0	2
84.8469724376	0.0	2
84.8714028932	0.0	1
84.8958333489	0.0	1
84.9202638045	0.0	0
84.9446942601	1.0	2
84.9691247158	1.0	1
84.9935551714	0.0	2
85.0179856271	0.0	1
85.0424160827	0.0	0
85.0668465383	1.0	1
85.091276994	1.0	1
85.1157074496	0.0	2
85.1401379053	0.0	2
85.1645683609	0.0	2
85.1889988165	0.0	1
85.2134292722	0.0	0
85.2378597278	1.0	3
85.2622901835	1.0	0
85.2867206391	0.0	1
85.3111510947	1.0	3
85.3355815504	0.0	0
85.360012006	0.0	4
85.3844424617	0.0	2
85.4088729173	0.0	0
85.4333033729	0.0	0
85.4577338286	0.0	2
85.4821642842	1.0	1
85.5065947399	1.0	0
85.5310251955	0.0	2
85.5554556511	0.0	4
85.5798861068	0.0	4
85.6043165624	0.0	1
85.6287470181	0.0	0
85.6531774737	0.0	2
85.6776079293	0.0	2
85.702038385	0.0	1
85.7264688406	0.0	1
85.7508992963	1.0	4
85.7753297519	0.0	2
85.7997602075	0.0	1
85.8241906632	0.0	0
85.8486211188	0.0	0
85.8730515745	0.0	1
85.8974820301	0.0	3
85.9219124857	0.0	5
85.9463429414	1.0	1
85.970773397	0.0	1
85.9952038527	1.0	2
86.0196343083	0.0	0
86.0440647639	1.0	2
86.0684952196	0.0	3
86.0929256752	2.0	1
86.1173561309	1.0	2
86.1417865865	1.0	1
86.1662170421	0.0	1
86.1906474978	0.0	1
86.2150779534	1.0	1
86.2395084091	0.0	1
86.2639388647	0.0	0
86.2883693203	0.0	0
86.312799776	0.0	5
86.3372302316	0.0	1
86.3616606873	0.0	4
86.3860911429	0.0	3
86.4105215985	1.0	2
86.4349520542	0.0	1
86.4593825098	0.0	2
86.4838129655	0.0	1
86.5082434211	0.0	1
86.5326738767	0.0	3
86.5571043324	0.0	0
86.581534788	0.0	3
86.6059652437	0.0	4
86.6303956993	0.0	0
86.6548261549	0.0	3
86.6792566106	1.0	4
86.7036870662	0.0	3
86.7281175219	0.0	3
86.7525479775	1.0	1
86.7769784331	0.0	5
86.8014088888	1.0	3
86.8258393444	1.0	2
86.8502698001	2.0	1
86.8747002557	0.0	0
86.8991307113	0.0	1
86.923561167	0.0	2
86.9479916226	1.0	1
86.9724220783	0.0	3
86.9968525339	1.0	3
87.0212829895	0.0	2
87.0457134452	0.0	0
87.0701439008	0.0	1
87.0945743565	0.0	2
87.1190048121	0.0	3
87.1434352677	0.0	5
87.1678657234	0.0	2
87.192296179	1.0	4
87.2167266347	0.0	3
87.2411570903	1.0	1
87.2655875459	0.0	3
87.2900180016	0.0	1
87.3144484572	0.0	3
87.3388789129	0.0	4
87.3633093685	0.0	1
87.3877398241	0.0	3
87.4121702798	0.0	2
87.4366007354	0.0	0
87.4610311911	0.0	1
87.4854616467	0.0	2
87.5098921023	0.0	3
87.534322558	0.0	1
87.5587530136	0.0	1
87.5831834693	1.0	1
87.6076139249	0.0	2
87.6320443805	0.0	3
87.6564748362	0.0	2
87.6809052918	0.0	5
87.7053357475	0.0	1
87.7297662031	0.0	4
87.7541966587	0.0	0
87.7786271144	2.0	2
87.80305757	0.0	3
87.8274880257	0.0	4
87.8519184813	0.0	3
87.8763489369	0.0	3
87.9007793926	0.0	1
87.9252098482	0.0	8
87.9496403039	0.0	1
87.9740707595	1.0	4
87.9985012151	0.0	0
88.0229316708	0.0	1
88.0473621264	0.0	1
88.071792582	0.0	5
88.0962230377	2.0	2
88.1206534933	0.0	2
88.145083949	0.0	3
88.1695144046	0.0	0
88.1939448602	0.0	1
88.2183753159	1.0	3
88.2428057715	0.0	1
88.2672362272	1.0	1
88.2916666828	0.0	2
88.3160971384	0.0	3
88.3405275941	1.0	3
88.3649580497	3.0	1
88.3893885054	0.0	3
88.413818961	0.0	3
88.4382494166	0.0	2
88.4626798723	0.0	5
88.4871103279	0.0	3
88.5115407836	1.0	0
88.5359712392	0.0	4
88.5604016948	0.0	1
88.5848321505	0.0	4
88.6092626061	0.0	3
88.6336930618	0.0	1
88.6581235174	0.0	1
88.682553973	0.0	3
88.7069844287	0.0	2
88.7314148843	0.0	2
88.75584534	0.0	1
88.7802757956	1.0	3
88.8047062512	0.0	2
88.8291367069	0.0	1
88.8535671625	1.0	1
88.8779976182	0.0	3
88.9024280738	0.0	2
88.9268585294	0.0	1
88.9512889851	0.0	1
88.9757194407	0.0	4
89.0001498964	1.0	1
89.024580352	1.0	1
89.0490108076	0.0	2
89.0734412633	0.0	4
89.0978717189	0.0	2
89.1223021746	0.0	2
89.1467326302	0.0	2
89.1711630858	0.0	1
89.1955935415	0.0	2
89.2200239971	0.0	6
89.2444544528	1.0	3
89.2688849084	1.0	2
89.293315364	0.0	2
89.3177458197	0.0	1
89.3421762753	0.0	3
89.366606731	0.0	2
89.3910371866	0.0	1
89.4154676422	0.0	1
89.4398980979	1.0	4
89.4643285535	0.0	1
89.4887590092	0.0	3
89.5131894648	0.0	1
89.5376199204	2.0	2
89.5620503761	1.0	0
89.5864808317	0.0	0
89.6109112874	0.0	1
89.635341743	0.0	1
89.6597721986	0.0	0
89.6842026543	0.0	1
89.7086331099	0.0	1
89.7330635656	0.0	2
89.7574940212	0.0	3
89.7819244768	0.0	2
89.8063549325	0.0	2
89.8307853881	1.0	0
89.8552158438	0.0	0
89.8796462994	0.0	4
89.904076755	0.0	4
89.9285072107	0.0	2
89.9529376663	1.0	1
89.977368122	0.0	4
90.0017985776	0.0	3
90.0262290332	0.0	5
90.0506594889	0.0	2
90.0750899445	0.0	2
90.0995204002	0.0	1
90.1239508558	0.0	0
90.1483813114	0.0	3
90.1728117671	0.0	3
90.1972422227	0.0	2
90.2216726784	1.0	1
90.246103134	0.0	0
90.2705335896	0.0	1
90.2949640453	0.0	1
90.3193945009	0.0	2
90.3438249566	0.0	2
90.3682554122	0.0	3
90.3926858678	0.0	1
90.4171163235	2.0	1
90.4415467791	1.0	3
90.4659772348	1.0	3
90.4904076904	0.0	1
90.514838146	1.0	2
90.5392686017	0.0	3
90.5636990573	0.0	3
90.588129513	1.0	2
90.6125599686	0.0	1
90.6369904242	1.0	1
90.6614208799	0.0	1
90.6858513355	1.0	0
90.7102817912	1.0	3
90.7347122468	0.0	2
90.7591427024	1.0	1
90.7835731581	0.0	3
90.8080036137	0.0	1
90.8324340694	0.0	1
90.856864525	0.0	2
90.8812949806	0.0	3
90.9057254363	0.0	2
90.9301558919	0.0	1
90.9545863476	0.0	3
90.9790168032	0.0	0
91.0034472588	1.0	3
91.0278777145	0.0	1
91.0523081701	1.0	3
91.0767386258	0.0	1
91.1011690814	1.0	1
91.125599537	1.0	1
91.1500299927	1.0	3
91.1744604483	0.0	1
91.198890904	0.0	3
91.2233213596	0.0	5
91.2477518152	0.0	2
91.2721822709	0.0	2
91.2966127265	0.0	1
91.3210431822	0.0	2
91.3454736378	0.0	2
91.3699040934	0.0	4
91.3943345491	0.0	3
91.4187650047	0.0	2
91.4431954604	0.0	3
91.467625916	0.0	1
91.4920563716	1.0	2
91.5164868273	0.0	1
91.5409172829	0.0	0
91.5653477386	0.0	4
91.5897781942	0.0	3
91.6142086498	0.0	4
91.6386391055	0.0	3
91.6630695611	0.0	4
91.6875000168	0.0	3
91.7119304724	0.0	0
91.736360928	1.0	5
91.7607913837	0.0	1
91.7852218393	1.0	2
91.809652295	0.0	1
91.8340827506	0.0	1
91.8585132062	1.0	3
91.8829436619	0.0	4
91.9073741175	0.0	3
91.9318045732	0.0	2
91.9562350288	0.0	4
91.9806654844	0.0	2
92.0050959401	0.0	2
92.0295263957	1.0	1
92.0539568514	0.0	3
92.078387307	0.0	2
92.1028177626	0.0	2
92.1272482183	0.0	0
92.1516786739	0.0	1
92.1761091296	0.0	3
92.2005395852	1.0	1
92.2249700408	1.0	2
92.2494004965	0.0	2
92.2738309521	0.0	3
92.2982614078	0.0	3
92.3226918634	0.0	2
92.347122319	0.0	2
92.3715527747	0.0	1
92.3959832303	0.0	0
92.420413686	2.0	1
92.4448441416	0.0	3
92.4692745972	0.0	2
92.4937050529	0.0	1
92.5181355085	0.0	6
92.5425659642	0.0	1
92.5669964198	0.0	3
92.5914268754	2.0	3
92.6158573311	0.0	1
92.6402877867	0.0	5
92.6647182424	0.0	2
92.689148698	0.0	2
92.7135791536	0.0	1
92.7380096093	0.0	1
92.7624400649	0.0	0
92.7868705206	0.0	3
92.8113009762	1.0	3
92.8357314318	0.0	1
92.8601618875	0.0	1
92.8845923431	0.0	3
92.9090227988	0.0	3
92.9334532544	0.0	0
92.95788371	0.0	2
92.9823141657	0.0	2
93.0067446213	0.0	6
93.031175077	0.0	2
93.0556055326	0.0	2
93.0800359882	1.0	2
93.1044664439	0.0	5
93.1288968995	1.0	2
93.1533273552	0.0	1
93.1777578108	0.0	1
93.2021882664	1.0	1
93.2266187221	0.0	0
93.2510491777	0.0	1
93.2754796334	0.0	4
93.299910089	0.0	2
93.3243405446	2.0	2
93.3487710003	0.0	2
93.3732014559	0.0	3
93.3976319116	1.0	3
93.4220623672	0.0	2
93.4464928228	0.0	1
93.4709232785	0.0	3
93.4953537341	1.0	2
93.5197841898	0.0	1
93.5442146454	0.0	2
93.568645101	0.0	3
93.5930755567	0.0	0
93.6175060123	0.0	0
93.641936468	1.0	1
93.6663669236	0.0	5
93.6907973792	0.0	1
93.7152278349	0.0	1
93.7396582905	0.0	4
93.7640887462	0.0	1
93.7885192018	0.0	0
93.8129496574	0.0	3
93.8373801131	1.0	2
93.8618105687	1.0	1
93.8862410244	0.0	1
93.91067148	0.0	0
93.9351019356	0.0	1
93.9595323913	0.0	3
93.9839628469	0.0	1
94.0083933026	2.0	2
94.0328237582	0.0	4
94.0572542138	2.0	2
94.0816846695	0.0	3
94.1061151251	0.0	2
94.1305455808	0.0	1
94.1549760364	1.0	5
94.179406492	0.0	2
94.2038369477	0.0	4
94.2282674033	0.0	2
94.252697859	0.0	0
94.2771283146	0.0	4
94.3015587702	0.0	0
94.3259892259	1.0	4
94.3504196815	0.0	2
94.3748501372	0.0	1
94.3992805928	0.0	4
94.4237110484	0.0	1
94.4481415041	1.0	3
94.4725719597	0.0	2
94.4970024154	0.0	2
94.521432871	0.0	0
94.5458633266	0.0	1
94.5702937823	1.0	2
94.5947242379	1.0	2
94.6191546936	0.0	0
94.6435851492	0.0	2
94.6680156048	0.0	1
94.6924460605	0.0	4
94.7168765161	0.0	0
94.7413069718	0.0	2
94.7657374274	1.0	4
94.790167883	0.0	1
94.8145983387	1.0	4
94.8390287943	0.0	1
94.86345925	0.0	2
94.8878897056	1.0	4
94.9123201612	0.0	2
94.9367506169	0.0	2
94.9611810725	0.0	1
94.9856115282	0.0	1
95.0100419838	0.0	2
95.0344724394	0.0	6
95.0589028951	0.0	0
95.0833333507	0.0	2
95.1077638064	0.0	0
95.132194262	0.0	3
95.1566247176	0.0	2
95.1810551733	0.0	1
95.2054856289	0.0	2
95.2299160846	0.0	0
95.2543465402	0.0	0
95.2787769958	0.0	0
95.3032074515	0.0	1
95.3276379071	0.0	5
95.3520683628	0.0	1
95.3764988184	0.0	2
95.400929274	0.0	2
95.4253597297	0.0	2
95.4497901853	0.0	2
95.474220641	0.0	1
95.4986510966	0.0	1
95.5230815522	0.0	2
95.5475120079	0.0	1
95.5719424635	0.0	3
95.5963729192	0.0	6
95.6208033748	0.0	1
95.6452338304	0.0	3
95.6696642861	0.0	1
95.6940947417	0.0	2
95.7185251974	0.0	3
95.742955653	0.0	0
95.7673861086	0.0	0
95.7918165643	0.0	3
95.8162470199	0.0	2
95.8406774756	0.0	2
95.8651079312	0.0	3
95.8895383868	0.0	2
95.9139688425	0.0	1
95.9383992981	0.0	5
95.9628297538	0.0	1
95.9872602094	0.0	0
96.011690665	0.0	1
96.0361211207	0.0	2
96.0605515763	0.0	0
96.084982032	0.0	1
96.1094124876	0.0	3
96.1338429432	0.0	1
96.1582733989	0.0	5
96.1827038545	0.0	2
96.2071343102	0.0	0
96.2315647658	0.0	3
96.2559952214	0.0	2
96.2804256771	0.0	1
96.3048561327	0.0	0
96.3292865884	0.0	5
96.353717044	0.0	1
96.3781474996	0.0	2
96.4025779553	0.0	1
96.4270084109	0.0	1
96.4514388666	0.0	3
96.4758693222	0.0	2
96.5002997778	0.0	1
96.5247302335	0.0	3
96.5491606891	0.0	2
96.5735911448	0.0	1
96.5980216004	0.0	1
96.622452056	0.0	3
96.6468825117	0.0	0
96.6713129673	0.0	3
96.695743423	0.0	2
96.7201738786	0.0	2
96.7446043342	0.0	1
96.7690347899	0.0	0
96.7934652455	0.0	0
96.8178957012	0.0	0
96.8423261568	0.0	1
96.8667566124	0.0	1
96.8911870681	0.0	0
96.9156175237	0.0	5
96.9400479794	0.0	0
96.964478435	0.0	1
96.9889088906	0.0	0
97.0133393463	0.0	1
97.0377698019	0.0	1
97.0622002576	0.0	2
97.0866307132	0.0	2
97.1110611688	0.0	1
97.1354916245	0.0	2
97.1599220801	0.0	3
97.1843525358	0.0	1
97.2087829914	0.0	0
97.233213447	0.0	2
97.2576439027	0.0	4
97.2820743583	0.0	2
97.306504814	0.0	1
97.3309352696	0.0	0
97.3553657252	0.0	3
97.3797961809	0.0	0
97.4042266365	0.0	0
97.4286570922	0.0	3
97.4530875478	0.0	0
97.4775180034	0.0	0
97.5019484591	0.0	0
97.5263789147	0.0	1
97.5508093704	0.0	3
97.575239826	0.0	0
97.5996702816	0.0	1
97.6241007373	0.0	0
97.6485311929	0.0	0
97.6729616486	0.0	2
97.6973921042	0.0	1
97.7218225598	0.0	2
97.7462530155	0.0	2
97.7706834711	0.0	5
97.7951139268	0.0	1
97.8195443824	0.0	2
97.843974838	0.0	0
97.8684052937	0.0	1
97.8928357493	0.0	0
97.917266205	0.0	1
97.9416966606	0.0	5
97.9661271162	0.0	0
97.9905575719	0.0	1
98.0149880275	0.0	2
98.0394184832	0.0	0
98.0638489388	0.0	2
98.0882793944	0.0	2
98.1127098501	0.0	2
98.1371403057	0.0	1
98.1615707614	0.0	3
98.186001217	0.0	1
98.2104316726	0.0	0
98.2348621283	0.0	1
98.2592925839	0.0	2
98.2837230396	0.0	1
98.3081534952	0.0	1
98.3325839508	0.0	0
98.3570144065	0.0	2
98.3814448621	0.0	1
98.4058753178	0.0	2
98.4303057734	0.0	1
98.454736229	0.0	1
98.4791666847	0.0	0
98.5035971403	0.0	0
98.528027596	0.0	2
98.5524580516	0.0	1
98.5768885072	0.0	1
98.6013189629	0.0	2
98.6257494185	0.0	1
98.6501798742	0.0	1
98.6746103298	0.0	1
98.6990407854	0.0	0
98.7234712411	0.0	2
98.7479016967	0.0	3
98.7723321524	0.0	3
98.796762608	0.0	0
98.8211930636	0.0	0
98.8456235193	0.0	1
98.8700539749	0.0	0
98.8944844306	0.0	0
98.9189148862	0.0	0
98.9433453418	0.0	1
98.9677757975	0.0	0
98.9922062531	0.0	0
99.0166367088	0.0	2
99.0410671644	0.0	2
99.06549762	0.0	0
99.0899280757	0.0	0
99.1143585313	0.0	0
99.138788987	0.0	0
99.1632194426	0.0	0
99.1876498982	0.0	1
99.2120803539	0.0	3
99.2365108095	0.0	1
99.2609412652	0.0	0
99.2853717208	0.0	0
99.3098021764	0.0	1
99.3342326321	0.0	0
99.3586630877	0.0	2
99.3830935434	0.0	0
99.407523999	0.0	1
99.4319544546	0.0	0
99.4563849103	0.0	2
99.4808153659	0.0	1
99.5052458216	0.0	1
99.5296762772	0.0	1
99.5541067328	0.0	1
99.5785371885	0.0	0
99.6029676441	0.0	2
99.6273980998	0.0	2
99.6518285554	0.0	1
99.676259011	0.0	1
99.7006894667	0.0	0
99.7251199223	0.0	0
99.749550378	0.0	1
99.7739808336	0.0	0
99.7984112892	0.0	0
99.8228417449	0.0	2
99.8472722005	0.0	0
99.8717026561	0.0	0
99.8961331118	0.0	0
99.9205635674	0.0	0
99.9449940231	0.0	0
99.9694244787	0.0	1
99.9938549343	0.0	0
100.01828539	0.0	0
100.042715846	0.0	1
